100
2403 2724 2949 2861 2870 2820 2745 2949 2767 2780 2310 2614 2706 2667 2616 2941 2757 2462 2808 2881 2698 2658 2737 3036 2724 2378 2752 2460 2983 2592 2813 2811 2866 2810 2573 2891 3108 2720 2899 3013 2532 2689 2971 2790 3039 2490 2993 2904 2996 2798 2674 2928 2734 2832 2995 2780 2840 2710 2746 2916 2716 2471 2871 2814 2686 3019 2805 2866 2677 2769 2734 2615 2855 2682 2885 2981 2674 2869 3001 2779 2628 2940 3055 2878 3091 2858 2904 2632 2672 3116 2883 2768 2984 2900 2995 2798 2765 2986 3036 2833
2900 2743 2946 2908 3052 2895 2850 3088 2919 2867 2314 2672 2774 2717 2835 2867 2871 2743 3004 3030 2780 2844 2718 3006 2885 2495 2902 2468 2877 2577 2860 2930 2896 2922 2507 2773 3112 2814 2651 2919 2465 2668 2861 2649 2991 2628 3030 2876 2935 2823 2581 2908 2708 2879 3066 2987 2684 2887 2837 2969 2705 2685 2789 2780 2610 3089 2939 2831 2804 2821 2781 2713 2957 2807 2836 2826 2750 2990 3050 2676 2627 2766 3124 2854 2280 2787 2900 2877 2642 3232 2749 2809 2946 2863 3229 2785 2839 3098 3041 2746
3057 2826 3237 3030 3076 2949 2935 3190 3063 2994 2613 2634 3058 3054 2974 3175 3075 2795 3256 3012 2841 3014 2947 3240 3044 2572 3139 2662 3181 2698 3097 3047 3188 3101 2835 3051 3299 2902 3087 3136 2733 2951 3209 2875 3326 2692 3186 2963 3255 3056 2929 3159 3013 2975 3262 3115 3013 3170 2853 3221 2806 2876 2852 2983 2815 3139 3055 3113 3155 2999 2905 2714 3144 2691 3089 3122 2903 2914 3087 3066 2783 2870 3232 2988 3160 3121 2947 3109 2674 3257 3110 2870 2896 3012 3322 3034 2940 3075 3355 3035
2828 2860 3058 2893 3011 2755 2797 3063 2804 2712 2315 2610 2837 2744 2757 3035 2854 2605 2907 2966 2618 2748 2880 2491 2817 2330 2859 2483 3143 2602 2746 2850 2889 2910 2574 2935 3274 2735 2832 3090 2587 2616 2971 2586 2955 2565 3062 2758 2996 2837 2777 3038 2701 2727 3165 2847 2813 2877 2775 2993 2832 2666 3003 2777 2785 3064 2919 3009 2882 2708 2785 2714 2842 2795 3033 3062 2697 2940 3126 2849 2613 3127 3039 2871 2639 2911 2966 2890 2559 3153 2785 2588 2923 2872 3107 3057 2814 2997 3151 2934
3012 3039 3242 3149 3179 3062 3113 3391 3194 3081 2510 3001 3140 2988 3077 3291 3355 2864 3325 3432 3068 3242 3155 3325 3120 2726 3252 2860 3395 2900 3035 3110 3266 3185 2850 3234 3266 3054 3228 3489 2952 3023 3348 2880 3264 3050 3341 3126 3139 3181 3083 3249 2902 3051 3339 3183 3063 3126 3126 3278 3195 3102 3127 3158 3082 3376 3167 3364 3239 3054 3010 2891 2787 3016 3377 3270 2827 3151 3314 2941 3139 3238 3523 3250 3307 3148 3280 3129 2799 3694 3178 3284 3277 3094 3430 3299 2713 3378 3449 3228
3023 3006 3239 3193 3110 3038 3092 3281 3095 3097 2496 3099 3164 2975 2947 3137 3121 2826 3356 3197 2836 3012 2978 3411 3138 2690 3118 2763 3123 3019 3020 3179 3322 3014 2859 2979 3298 3079 3125 3363 2712 2766 3154 2926 3279 2882 3255 3128 3402 2947 2872 3314 3151 2793 3242 3273 3070 3064 3218 3240 3015 2888 3085 3166 2807 3372 2959 3344 3001 2969 2877 2910 3057 2939 3286 3175 2767 3261 3343 2863 2807 3209 3331 3236 3293 3160 3062 2965 2818 3558 3152 3071 3123 3134 3302 3096 3044 3201 3395 3149
3030 2944 3146 3086 3013 3114 3061 3310 3016 2993 2644 2829 3094 2972 3134 3210 3231 2970 3317 3287 3046 3083 3011 3350 3007 2722 3201 2741 3412 2830 3239 3129 3335 3192 2852 3180 3296 2953 3180 3391 2815 3005 3221 2893 3286 2895 3272 3072 3073 2677 3018 3392 3119 2944 3402 3132 3206 2944 2932 3193 2911 2777 2982 3242 2828 3355 3138 3250 3083 3246 2900 2983 3230 2987 2992 3291 3017 3096 3399 3073 2921 3272 3261 3124 3275 3104 3027 3198 2917 3303 3097 3106 3187 3299 3407 3134 3122 3221 3428 3208
2994 2914 3210 3173 3082 3062 2942 3386 3140 2977 2495 2957 3244 3012 2994 2975 3255 2944 3277 3146 2983 3013 2949 3233 2981 2704 3225 2917 3076 2849 3068 3047 3220 3165 2779 3073 3214 3097 3142 3294 2690 2909 3017 2874 3279 2944 3181 3026 3302 3085 2859 3165 2909 3018 3284 3004 3110 2899 3043 3195 2883 2852 3009 3059 2775 3352 2965 3195 3128 2836 2908 3021 3171 2899 3244 3128 2924 3145 3237 2980 2863 2985 3234 3239 3254 3001 2998 3081 2832 3420 2937 3043 3167 3116 3324 3065 3082 3229 3361 3079
2661 2728 2931 2917 2907 2779 2625 2930 2772 2696 2325 2599 2815 2818 2747 2917 2843 2521 2855 2817 2683 2700 2630 2937 2863 2159 2818 2480 2782 2462 2824 2857 2832 2796 2503 2729 2914 2673 2815 3056 2460 2751 2807 2594 2950 2586 3093 2736 3087 2878 2619 2818 2578 2977 2992 2811 2714 2681 2777 2692 2633 2492 2885 2830 2562 3003 2818 2884 2889 2711 2729 2526 2757 2473 2906 2915 2581 2758 2946 2681 2721 2816 3037 2834 2792 2876 2920 2639 2528 3258 2656 2803 2890 2689 3040 2683 2722 2908 3067 2731
3096 3164 3159 3103 3099 3210 2948 3405 3062 2951 2620 2771 3000 2920 3115 3082 3028 2795 3328 3168 2956 2984 2886 3076 3101 2695 3046 2882 3207 2896 3093 3065 3125 3092 2883 3203 3302 3095 2879 3403 2693 2880 3301 2900 3206 2662 3308 2960 3287 3074 3073 3326 2951 2952 3354 3143 3058 3124 2981 3193 3006 2964 3038 3007 2830 3444 2982 3138 2911 2894 3076 2940 3196 2842 3187 3188 3023 3048 3171 2900 2915 3102 3265 3099 3331 2928 3228 3073 2767 3452 3022 3026 3260 3101 3319 3215 3050 3354 3446 2996
2935 2917 3072 2979 2940 2985 2942 3291 2942 2889 2477 2768 2916 2773 2996 3055 2981 3024 3273 3140 2831 2912 2925 3243 3004 2636 3161 2731 3039 2730 2967 3048 3159 3033 2513 3177 3169 2889 2937 3169 2544 2749 3120 2878 3163 2748 3050 3085 3115 2923 2972 3237 2934 2868 3092 2825 2766 2797 2939 3121 2900 2761 2891 3034 2755 3293 2900 3138 2957 2804 2942 2840 3001 2773 3076 3068 2882 2986 3232 2737 2889 3113 3162 3044 3131 2844 3014 2892 2656 3319 2836 2883 3109 2876 3325 2906 3010 3080 3312 3083
2867 2975 3106 2818 2953 2895 2817 3212 2873 2817 2416 2674 2844 2817 2770 3013 2962 2642 2970 3028 2814 2942 2847 2859 2863 2409 2999 2763 2886 2653 2875 2878 2855 2957 2685 2958 3331 2981 3021 3196 2689 2810 3063 2608 3066 2616 3113 2756 3146 2833 2839 2987 2812 2758 3192 2806 2856 2964 2851 2965 2784 2782 2976 2880 2701 3100 2943 3038 3004 2911 2681 2777 2914 2617 2695 2939 2757 2916 3195 2847 2834 2858 3156 3017 3196 2969 2886 3005 2489 3170 2804 2838 2878 2923 3148 2927 2743 3085 3220 2876
2713 2543 2894 2711 2723 2725 2774 2873 2774 2620 2413 2735 2767 2666 2755 2722 2903 2579 2829 2899 2900 2746 2613 3088 2452 2441 2805 2498 3008 2606 2642 2747 2968 2762 2423 3003 3093 2840 2786 2915 2516 2632 2739 2687 2888 2484 2987 2889 3041 2904 2575 2901 2791 2601 2949 2710 2594 2647 2787 2811 2577 2469 2823 2786 2526 2962 2860 2915 2823 2688 2878 2624 2852 2675 2730 3001 2619 2828 2941 2755 2534 2666 3043 2792 2986 2674 2800 2710 2699 3145 2749 2664 2767 2832 3176 2845 2880 2876 2987 2732
2721 2640 2951 2836 2722 2713 2717 3103 2694 2698 2373 2629 2742 2627 2693 2872 2828 2526 2926 2878 2757 2807 2687 3056 2640 2403 2747 2590 3033 2540 2801 2930 2966 2724 2466 2572 3051 2791 2795 2929 2513 2870 2666 2632 2913 2395 2872 2806 2933 2905 2598 2930 2704 2611 2926 2800 2809 2500 2980 2889 2731 2530 2669 2721 2681 2961 2855 2838 2709 2652 2766 2743 2618 2653 2819 3021 2617 2811 2891 2618 2690 2784 2870 2846 2869 2863 2877 2825 2654 3054 2710 2701 2964 2954 3053 2917 2597 2903 2928 2838
3278 3049 3355 3172 3189 3226 3060 3364 3150 3067 2529 2865 3195 2955 3066 3217 3098 2919 3307 3140 2897 2920 2846 3385 3117 2649 3196 2777 3283 2796 3109 3225 3244 3134 2758 3138 3337 3001 3009 3310 2682 2922 3203 3012 3319 3045 3231 3331 3264 3241 2809 3501 3003 3045 3295 3129 3064 3025 3090 3187 2809 2900 3143 3156 2832 3239 3072 3066 3143 3054 2999 2995 3107 2895 3000 3277 3064 3025 3288 2865 2996 3251 3259 3212 3181 3274 3176 3100 2699 3458 3145 2950 3223 3146 3447 3149 3013 3225 3441 3188
2834 2854 3359 3030 3001 2869 2988 3258 2819 2981 2559 2852 3018 2815 2975 3108 3012 2726 3125 3122 2923 2886 2764 3151 3006 2554 3098 2785 3123 2720 2971 3041 3121 3109 2694 3049 3214 3004 3052 3183 2585 3021 3000 2795 3131 2681 3269 2951 3187 2918 2788 2872 2870 2777 3141 3041 2988 2858 3061 3096 2945 2617 3046 2989 3014 3218 2955 3079 3055 2855 2784 2924 2901 2869 3084 3198 2730 3118 3102 2849 2984 2889 3133 3120 3056 3093 3060 2991 2632 3282 2950 2946 3203 3027 3283 2910 2873 3043 3203 2973
2834 2597 2833 2654 2725 2737 2728 2970 2772 2782 2323 2599 2921 2715 2820 2868 2848 2544 2953 2981 2592 2949 2664 3121 2720 2410 2897 2622 2849 2546 2773 2811 2717 2722 2548 2882 3134 2792 2824 2962 2438 2614 2806 2582 2951 2520 3113 2827 2928 2813 2767 2866 2701 2541 2917 2672 2874 2743 2670 2874 2787 2564 2891 2905 2619 2949 2898 2924 2871 2700 2627 2697 2735 2530 2914 3020 2674 2772 2786 2755 2709 2747 3143 2816 3102 2734 2823 2747 2438 3076 2706 2746 2835 2930 3116 2798 2715 2900 3053 2925
2819 2859 3118 3012 2864 2823 2726 3065 2831 2748 2491 2753 2864 2951 2747 2972 2971 2607 3071 3123 3012 2932 2706 3152 2819 2338 2967 2776 3078 2828 2755 2823 2985 2875 2609 3041 3136 2726 2957 3140 2655 2831 3182 2865 3067 2669 3155 2906 3047 2991 2840 2958 2784 2817 3174 2910 2857 2860 2832 3009 2804 2670 3022 2911 2714 3056 2834 3172 2964 2811 2869 2624 3049 2798 3236 3115 2607 2831 2996 2898 2688 2959 3211 2957 2996 2984 3174 3025 2640 3239 2860 2709 3123 2957 3009 2884 2844 3136 3062 2907
2851 2866 2833 2785 2936 2874 2700 2943 2610 2784 2363 2636 2880 2603 2630 2956 2761 2536 3101 2947 2633 2754 2637 2993 2804 2409 2910 2441 3044 2558 2860 2875 2867 2851 2499 2948 3187 2609 2908 3126 2577 2617 2894 2730 3044 2687 2981 2790 2950 2616 2686 3095 2762 2625 3154 2917 2984 2848 2714 2857 2812 2642 2912 2772 2684 2912 2817 2872 2752 2809 2733 2596 2912 2771 3128 3074 2514 2915 2951 2748 2714 2884 2871 2890 3025 2776 2847 2833 2603 3078 2903 2871 2881 2742 3039 2972 2846 2811 3108 2874
3037 2988 3113 3283 3161 3028 3160 3331 3039 2925 2561 2886 3108 2928 3108 3002 3105 2919 3391 3341 2944 3042 3014 3357 2999 2647 3139 2997 3240 2815 3087 3149 3330 3053 2861 3100 3343 3043 3086 3353 2518 2919 3174 2842 3213 2769 3274 3100 3485 3330 3045 3246 2970 3154 3467 3212 3146 2994 3125 3123 2891 2934 2998 3091 2927 3416 2926 3154 3169 2924 3083 3035 3068 2985 3253 3058 2904 3216 3090 3021 2831 3017 3390 3136 3288 3144 3171 3108 2830 3531 3117 3106 3377 3136 3352 3170 3015 3191 3313 3018
3071 2942 3039 3174 3081 2947 2989 3267 3048 2917 2444 2840 3176 2973 2975 3187 3221 2890 3181 3119 2855 2877 3104 3102 2878 2470 3190 2823 3088 2923 2892 3070 3136 2967 2702 3142 3303 2959 3104 3370 2580 2836 3173 2833 3104 2797 3211 2796 3099 3002 3027 3184 2822 3000 3388 2941 2982 2988 2995 3022 2902 2893 3175 2954 2767 3216 3116 3205 3059 3115 2875 2808 3100 3009 3182 3216 2938 3124 3313 2996 3048 3166 3270 3177 3272 2967 3069 2970 2602 3293 2915 2955 3127 2994 3302 3101 3039 3195 3300 3046
3064 2894 3130 3061 3096 3160 2997 3382 3186 2981 2563 2984 3143 3103 2947 3198 3031 3036 3188 3202 3053 3158 3010 3097 3037 2697 3214 2805 3216 2931 3064 3169 3150 3088 2882 3107 3325 2978 3199 3341 2783 2853 3226 2503 3252 2842 3353 2813 3353 3179 2916 3361 3019 3036 3346 3046 3111 3118 3057 3269 3031 3036 3000 3215 2852 3430 3067 3224 3037 3120 3004 3025 3003 3120 3163 3195 2805 3230 3524 3059 2809 3089 3400 3272 3208 3055 3032 3105 3030 3511 2990 3035 3276 3270 3446 3051 3087 3323 3446 3184
3044 3010 3198 3147 3065 3048 3025 3311 3069 3095 2628 2906 3219 3046 3258 3214 3324 2888 3194 3292 3047 2977 3021 3295 3044 2823 3232 2758 3374 2788 3285 3320 3290 3076 2850 3151 3290 3076 3092 3348 2833 2965 3127 2908 3236 2910 3365 3079 3294 2723 3069 3299 2828 3029 3385 3069 3088 2963 3057 3268 2912 2863 3146 3212 2869 3373 2966 3240 3094 3136 2908 2934 3182 2907 3131 3212 3146 3117 3281 2999 3131 3210 3345 3075 3196 3235 3129 3110 2812 3359 3112 2965 3224 3133 3293 3257 2955 3203 3406 2956
3020 3027 3238 3132 3135 3088 3079 3264 3084 3070 2669 2813 3084 2988 2923 3262 3160 2783 3308 3346 2965 3184 2957 3237 2902 2624 3200 2887 3251 2905 3156 3383 3149 3129 2689 3164 3376 2919 3190 3294 2627 3099 3173 3032 3297 2849 3271 3042 3346 3135 2916 3218 2877 2822 3455 3127 3012 3151 2961 3250 3065 2795 3102 3093 2923 3231 3050 3165 3211 3019 2920 2957 3148 3013 3187 3330 2938 3028 3211 3116 3051 3060 3391 3138 3146 3086 3194 3264 2855 3342 3017 3021 3151 3173 3349 3175 3015 3244 3289 3119
2767 2621 2955 2775 2830 2574 2702 2799 2732 2773 2111 2552 2797 2717 2553 2998 2765 2368 2843 2955 2544 2907 2401 3008 2625 2388 2890 2478 2528 2608 2770 2653 2792 2848 2506 2851 3012 2784 2737 2767 2547 2609 2905 2760 2778 2628 2815 2796 3159 2882 2690 2864 2614 2655 2883 2649 2665 2778 2551 2949 2642 2591 2685 2734 2675 2858 2698 2912 2776 2620 2784 2716 2708 2561 2847 2858 2652 2619 2946 2659 2643 2921 3060 2806 2939 2819 2784 2638 2426 3119 2815 2667 2813 2893 2952 2735 2542 2828 2815 2799
2985 2794 3050 2906 3049 2997 2900 2992 2924 2802 2520 2708 2933 2888 2822 3035 2994 2536 3250 2946 2698 2941 3005 2827 3002 2614 2986 2530 3145 2443 3033 2906 3080 3034 2472 2809 3110 2958 3016 3130 2623 2740 3049 2684 2948 2733 3130 2914 3157 3057 2672 3080 2762 2762 3036 2892 3046 2981 2825 3163 2947 2737 2884 3167 2803 3106 2976 3051 2877 3007 2604 2760 2839 2795 2924 2994 2700 2824 3036 2804 2692 3196 2977 2938 3123 2905 2814 2864 2442 3263 2861 3017 2923 3074 3325 2990 2873 3044 3221 2957
2904 2736 3086 3022 2919 2999 2777 3162 2961 2757 2363 2635 2802 2637 2802 3041 2917 2880 3183 3073 2675 2933 2768 2946 2889 2499 2904 2598 2937 2679 2942 3037 2967 2934 2652 2867 3143 2880 2870 3303 2533 2843 3092 2783 3076 2693 2946 2947 3184 2936 2417 3120 2766 2721 3113 2872 3028 2850 2833 2976 2822 2861 2878 2963 2570 3029 2907 3050 2911 2856 2837 2811 2881 2801 3084 2953 2835 2961 3073 2758 2720 2942 3037 3056 2997 3001 2853 2934 2529 3183 2866 2909 2931 2897 3153 2852 2748 3037 3104 2839
3052 2968 3294 3167 3190 2990 2923 3434 3135 2814 2682 2793 3126 3092 2918 3317 3279 2858 3077 3264 2936 3096 2998 2933 3207 2658 3153 2910 3261 2752 3062 3141 3232 3206 3106 3047 3394 3106 3068 3455 2715 2984 3304 3006 3311 2840 3341 3109 3256 3183 3025 3248 2995 3123 3201 3112 3080 3086 3146 3100 3164 2957 3068 3101 2916 3183 3212 3054 3255 3063 3004 2955 3162 2858 3172 3257 2995 3031 3369 2885 2921 3185 3462 3273 3189 3171 3266 3064 2785 3472 3115 3083 3281 3200 3367 3183 3090 3299 3445 3165
2924 2867 2922 2793 2987 2772 2795 3145 2934 2777 2395 2783 2967 3024 2849 2964 3106 2620 2926 3073 2699 3008 2760 3248 2941 2542 2797 2729 3090 2695 2954 2911 2996 2919 2624 2792 3138 3041 2863 3110 2715 2897 3002 2722 2956 2638 3187 2861 3168 2964 2762 3037 2768 2798 3088 2823 2770 2919 2863 3155 2769 2775 2789 3067 2730 3110 3041 2981 2864 2863 2709 2840 2849 2666 2937 2988 2673 2856 3134 2733 2790 2996 2989 2972 3085 2909 3085 2892 2545 3198 2751 2840 3009 3121 3203 2940 2791 3134 3138 3000
2875 2877 3144 2926 3159 2896 2965 3185 2839 2836 2321 2513 2782 2836 2927 3013 2846 2685 3083 2824 2753 2922 2867 3041 2974 2489 2977 2668 2943 2642 2926 2984 3188 2987 2601 2916 3003 2814 2916 3064 2553 2741 3097 2811 3013 2666 2955 2895 3101 2963 2743 3028 2709 2868 3171 2836 2736 2823 2902 3000 2705 2676 2681 2905 2769 3031 2948 2971 3003 2798 2795 2710 2778 2717 3012 3058 2770 2881 3029 2818 2753 2946 3037 2837 2959 2983 2877 2921 2724 3093 2755 2829 2935 2923 3088 2872 2826 3031 3214 3059
2882 2786 3012 2936 3079 2896 2750 3185 3048 2919 2271 2706 2708 2804 2946 2845 2881 2583 3144 3029 2762 2825 2714 3066 2996 2524 2791 2609 2911 2738 2786 2889 3013 2678 2548 2899 3069 2724 2919 2952 2545 2835 3001 2738 2978 2692 3055 2995 3014 2853 2654 3102 2807 2667 2979 2788 2881 2753 2845 2961 2779 2773 2974 2747 2693 3228 3010 2941 2756 2835 2845 2649 2803 2723 3042 3071 2756 3000 2914 2656 2644 2985 3116 2968 2940 2855 2982 2772 2708 3203 2845 2763 3017 2838 3094 2956 2678 3094 3234 2856
2828 2837 3267 3174 3085 3174 3011 3416 3039 2971 2607 2758 3106 3017 2968 3184 3096 2823 3384 3219 2979 3054 3111 3365 3171 2689 3137 2894 3338 2845 3000 3193 3274 3222 2957 3066 3397 3099 3160 3535 2651 3142 3266 2986 3343 2903 3393 3116 3241 3368 3058 3215 2962 3167 3163 3029 3073 2929 3116 3077 3080 2875 3021 3145 2930 3366 3153 3113 3146 3087 3063 2871 3159 2962 3058 3373 2871 3176 3218 2959 3027 3191 3363 3050 3383 3090 3232 3136 3014 3442 2886 3147 3290 3125 3444 3124 3170 3191 3356 3178
2806 2827 3036 3092 3053 2947 2935 3182 2945 2881 2391 2689 3144 2820 2814 3090 2982 2821 3091 3108 2900 2957 2853 3105 2833 2677 3076 2821 3076 2829 2971 2926 3002 2880 2647 3028 3087 2934 2994 3242 2566 2838 3022 2967 3137 2727 3091 2963 3053 2901 2849 3075 2676 2949 2989 2997 2721 3081 3008 3081 2781 2531 3029 2922 2858 3072 3047 3194 2978 3011 3035 2773 3069 2640 3068 2838 2831 2918 3127 2944 2904 2991 3191 3033 3032 3020 3069 2801 2730 3361 3011 2882 3051 2974 3230 3105 3086 3137 3100 2966
3088 3071 3436 3148 3204 3140 2992 3459 3171 3038 2628 2858 3105 3095 3130 3276 3253 2975 3501 3352 3109 3238 2886 3302 3247 2729 3295 2810 3528 3044 3236 3215 3426 3165 2942 3258 3362 3101 3130 3361 2782 3244 3345 3025 3296 3004 3321 3163 3531 3292 2962 3268 3006 3073 3451 3109 3100 3070 2954 3357 2985 3009 3097 3042 2969 3483 3206 3207 3078 3060 2893 2975 3146 3001 2639 3424 3032 3099 3394 3084 3075 3189 3404 3240 3198 3133 2773 3158 2990 3491 3079 3074 3383 3104 3420 3108 2974 3299 3407 3077
2930 3053 3289 3151 3170 3098 2905 3400 3129 3027 2512 2820 3031 3002 2946 3158 3074 2901 3329 3205 3004 3012 2932 3269 3198 2790 3141 2783 3251 2919 3220 3071 3157 3094 2753 3026 3316 2997 3101 3142 2857 3020 3131 2852 3176 2775 3272 3248 3320 3212 2868 3387 3020 2957 3269 3206 3051 2961 3109 3286 2934 2962 3016 3164 2848 3364 3109 3281 2939 3063 3161 2903 3146 2784 3176 3162 2949 3094 3404 2865 2866 3227 3272 3083 3177 3196 3197 3012 2848 3473 3021 3067 3180 3195 3287 3213 3114 3228 3383 3089
2639 2528 2590 2664 2674 2441 2664 2712 2447 2452 2173 2358 2538 2445 2603 2667 2553 2382 2654 2693 2606 2604 2430 2738 2339 2098 2673 2280 2763 2393 2562 2610 2734 2476 2205 2663 3056 2349 2608 2812 2156 2353 2654 2428 2719 2430 2758 2482 2723 2528 2519 2789 2500 2530 3053 2559 2626 2607 2471 2616 2368 2388 2678 2411 2375 2890 2619 2701 2589 2427 2528 2496 2660 2695 2646 2840 2480 2802 2613 2589 2483 2689 2858 2554 2794 2538 2656 2682 2465 2982 2535 2689 2771 2729 2914 2635 2582 2622 2832 2642
2828 2946 3052 2954 2992 2991 2931 3319 2840 2768 2457 2686 2952 2896 2941 3049 3086 2796 3046 3043 2917 2870 2924 3196 2770 2489 3041 2662 3057 2718 2895 3020 3163 2952 2710 3052 3219 2841 2991 3277 2561 2801 2964 2832 3267 2161 3111 2948 3168 3035 2711 3205 2846 2936 3318 3023 2889 2641 3088 3008 2899 2822 2982 2838 2595 3089 2958 3072 2929 2944 2924 2781 3034 2899 3021 3127 2853 3152 3113 2821 2817 2980 3146 2994 3199 2945 3007 2882 2843 3206 2936 2864 3038 2968 2705 3063 3020 3177 3303 2972
2966 2877 3019 2838 3016 2805 2886 3085 2812 2738 2438 2666 2749 2736 2863 2956 2977 2597 2858 3063 2862 2816 2753 2951 2633 2448 2906 2614 2962 2621 2770 2968 3123 2814 2637 2986 3161 2810 2839 3135 2489 2690 3013 2219 3082 2651 3050 2801 3142 2869 2800 2968 2688 2776 3265 2886 2836 2749 2788 2891 2686 2598 3059 2762 2545 3070 2847 2990 2942 2801 2793 2694 2827 2850 3045 3074 2741 3013 3015 2875 2761 2805 3021 2987 3131 2918 2867 3058 2668 3108 2775 2739 2836 2804 3192 2851 2787 3048 3162 2831
2865 2923 3255 2974 2917 2853 2693 3088 2907 2959 2439 2869 2917 2703 2813 3156 3030 2730 3113 3074 2861 2885 2819 3062 2901 2613 3110 2551 3100 2770 3017 2982 3002 2985 2608 3078 3278 2892 3010 3186 2688 2882 3214 2655 3056 2755 3086 2905 3143 3086 2846 3106 2984 2728 3116 2988 3041 2806 2722 3046 2853 2839 2887 3066 2708 3198 2897 3043 3060 3023 2818 2763 2920 2807 2983 3071 2927 2977 3156 2748 2862 2964 3142 2981 3161 3061 2973 3147 2681 3092 3065 2896 3023 2925 3102 3050 2770 2904 3134 2974
2742 2745 2870 2766 2758 2766 2724 2943 2845 2818 2328 2823 2890 2617 2816 2907 3003 2793 2961 3102 2896 2943 2682 2987 2627 2538 3071 2441 2941 2819 2709 2825 2969 2920 2475 3035 2980 2736 2894 3179 2664 2717 3044 2546 2871 2812 2882 2844 3024 2836 2798 3005 2591 2791 3030 2779 2707 2668 2638 2990 2736 2790 2775 2961 2614 2640 2711 3099 2958 2928 2809 2908 2756 2720 2995 2952 2635 2885 3100 2737 2854 2894 3030 3144 3101 2771 2978 2892 1158 3128 2865 2849 2956 2866 3100 2804 2542 3031 3028 2898
2959 2936 3168 3015 2930 2915 2741 3287 2896 2895 2482 2747 3079 2537 2941 3031 2997 2700 3192 3027 2926 2878 2850 3343 3017 2580 3139 3009 3090 2615 3101 2845 2913 3163 2805 2995 3275 3029 3021 3196 2653 2733 3265 2768 3229 2832 3300 2812 3172 3021 2999 3039 2870 2944 3038 3147 2938 2996 2948 3165 2895 2870 2851 3102 2796 3133 3063 3011 2956 3102 2867 2858 3137 2579 3056 3030 3069 2915 3272 2730 2915 2888 3277 3123 3213 2950 2951 3018 2621 3239 2929 2638 3133 2951 3278 3133 2828 3123 3271 3013
3211 3152 3378 3188 3372 3020 3077 3541 3381 3190 2616 2985 3162 3251 3227 3204 3296 2961 3440 3392 3104 3094 3030 3428 3207 2727 3241 3021 3285 3056 3183 3302 3478 3173 2958 3234 3392 2999 3218 3357 2881 3013 3309 3046 3378 2923 3255 3265 3427 3348 3019 3357 3026 3152 3587 3037 3143 3100 3189 3361 3103 3000 3297 3186 3081 3453 3094 3361 3268 3001 3087 3027 3258 3009 3301 3397 3078 3257 3042 3035 2662 2624 3416 3294 3451 3258 3292 3153 2826 3609 3084 3277 3385 3278 3469 3235 3110 3360 3574 3332
2866 2815 2964 2960 2957 2868 2872 3067 2745 2830 2295 2608 2883 2738 2809 2995 2943 2640 3081 2930 2669 2878 2699 3085 2850 2449 3026 2682 2751 2783 2978 2913 2947 2902 2575 2842 2993 2907 2822 3042 2473 2636 2959 2796 2921 2677 2913 2931 3066 2731 2686 3026 2847 2704 3058 2781 2788 2828 2735 3043 2779 2793 2778 2945 2534 3114 2747 2969 2849 2729 2668 2876 2870 2803 2887 3043 2531 2769 3009 2673 2647 2994 3031 2855 2987 2809 3010 2457 2711 3141 2803 2649 3004 2852 2657 2754 2897 2929 3014 3086
2811 2938 3224 3198 2940 3057 3069 3353 3017 2989 2501 2777 2937 2870 2934 3081 3043 2830 3068 3106 2957 2827 2920 3057 2872 2640 3041 2720 3196 2752 2955 2740 2765 3001 2695 3162 3285 2965 3166 3154 2648 2898 3043 2836 3154 2646 3152 2955 3070 3035 2880 3120 3008 2791 3359 2873 2930 3078 2893 3052 2850 2785 3013 2909 2956 3284 3015 3078 3022 3030 2826 2910 3074 2935 3065 2903 2868 3033 3116 2966 2752 3225 3250 2977 3165 3088 3107 2945 2807 3293 2968 2978 3157 3057 3234 2983 3112 3146 3159 3031
2772 2854 2975 2895 2832 2967 2967 3235 2824 2829 2400 2742 2949 2826 2927 2948 3021 2673 3103 3067 2720 2797 2879 3085 2799 2427 2805 2644 3134 2829 2910 2924 3039 3011 2736 3027 3092 2802 2887 3131 2495 2844 2994 2680 3025 2697 3103 2741 3019 2842 2762 3062 2742 2864 3092 2839 2922 2808 2986 2834 2525 2633 2852 2891 2690 3133 2939 3073 2859 2606 2615 2737 2841 2715 2922 2975 2846 2997 3063 2763 2820 2910 3051 2933 3060 2995 2901 2753 2563 3165 2867 2755 2891 3005 3191 3003 2922 3098 3211 2736
3113 2860 3263 3144 3222 3137 2897 3394 3108 3097 2567 2953 3083 3194 3093 3265 3154 2860 3338 3203 2830 3259 3098 3339 3091 2626 3211 2786 3295 2743 3228 3149 3102 3180 2755 3214 3487 3097 3108 3293 2746 3157 3236 2957 3271 2856 3384 3147 3447 3188 2945 3323 3027 3136 3246 3091 3062 2960 3050 3293 3016 2816 3164 3263 2911 3350 3442 3185 3163 3138 2905 3006 3147 3058 2999 3327 3063 3190 3342 3016 3027 3196 3336 3118 3191 3004 3113 3127 2839 3392 3021 3075 3202 3269 3517 3143 2990 3326 3297 3021
2964 2931 3304 3333 3219 3057 2913 3231 3210 3134 2609 3004 2874 3040 2966 3199 3167 3013 3215 3205 2878 2966 3070 3159 3172 2750 3247 2809 3020 2806 3219 3183 3189 3111 2853 3151 3275 3046 3167 3494 2805 3016 3239 2858 3356 2797 3246 3132 3310 3133 3053 3154 3025 2978 3415 3138 3060 2999 3078 3118 3047 2882 3093 3191 2903 3354 2980 3282 3231 2944 2983 2806 3215 2959 3233 3118 2933 3099 3296 3029 2889 3105 3352 3242 3200 3130 3051 3109 2786 3529 3225 3129 3221 3140 3326 3006 3097 3198 3380 3024
2937 2957 3302 3214 3094 3063 3101 3248 3224 3142 2621 3004 3130 2961 3175 3221 3182 2828 3321 3274 2950 3052 2973 3332 3052 2615 3095 2713 3167 2985 3022 3143 3382 3051 2809 3258 3201 2933 3076 3317 2752 2909 3200 2883 3339 2874 3185 3115 3235 3066 2963 3318 2952 3087 3371 3063 3038 2943 3075 3033 2852 2985 3051 3115 2835 3296 2940 3266 3034 3050 3035 2972 3094 2941 3152 3248 2929 3151 3421 2897 2940 3185 3311 3160 3208 3120 3144 2945 2810 3521 3125 3037 3193 3135 3211 3093 2999 3165 3464 2941
2965 2900 3109 3027 2994 2906 2920 3270 3038 2974 2595 2705 3166 2844 2923 3112 3168 2893 3213 3095 3003 3130 2789 3203 3010 2632 3172 2654 3117 2785 3220 3007 3066 3107 2654 3091 3195 2849 2943 3275 2610 2791 3097 2858 3208 2815 2990 3129 3110 3036 2847 3167 2876 3130 3153 2929 2717 3045 3089 3131 2966 2761 3016 3061 2815 3171 3070 3128 3072 2898 2925 2989 3121 2821 2975 3052 3074 2995 3193 2832 3021 2949 3358 3085 2997 3065 3070 2790 2776 3452 3000 2999 3171 2971 3346 3135 2979 3211 3360 3073
2582 2820 3038 2933 2919 2856 2797 3086 2821 2725 2499 2631 2975 2886 2918 3002 3041 2804 2961 2983 2937 2870 2818 2980 2747 2502 3174 2701 2958 2737 3015 2974 3072 2924 2549 3009 2940 2950 2972 3278 2718 2626 3163 2697 3083 2655 3148 2850 3117 2911 2798 3114 2699 2885 3334 3049 2670 2945 2971 3017 2568 2790 2872 2988 2638 3123 2875 3108 3049 2835 2857 2719 2995 2791 2911 3046 2809 3068 3115 2697 3000 2920 3206 2985 3079 2957 3058 2803 2774 3180 2943 2799 3071 2908 3211 3026 2896 3126 3171 3011
2912 2799 3018 2973 2984 3031 2844 3347 3051 2895 2349 2799 3026 2930 2923 2962 2879 2641 3195 2968 2796 2983 2895 3375 2911 2402 2993 2665 2931 2866 3001 2885 3104 3078 2810 2838 3120 2871 2853 3058 2722 2855 3118 2798 3227 2776 3109 2991 3239 2888 2798 3215 2801 3241 3230 2877 2899 2837 2973 3129 2662 2938 2854 3081 2724 3101 3052 3162 2868 2882 2897 2855 2839 2766 3086 3086 2747 2911 3264 2800 2838 2968 3214 3101 3060 2942 3059 2816 2663 3423 2748 2987 3000 2875 3050 2895 2750 3170 3403 3006
2875 2826 3080 2979 3115 2990 2874 3205 2912 2970 2422 2819 2970 2868 2922 2943 2943 2623 2989 3194 2888 2792 2707 3226 3026 2523 3031 2796 3027 2700 2955 2862 3061 2941 2758 2918 3066 2891 2985 3279 2576 2898 3007 2824 3197 2662 3193 3027 3114 2882 2751 2981 2818 2592 3090 3001 2759 2922 2934 3035 2753 2685 3076 3002 2794 3110 2957 2964 2934 2821 2832 2744 2965 2580 2999 3093 2757 2905 3119 2766 2927 2910 3223 3172 3067 2916 3093 2761 2608 3354 2975 3003 3162 2816 3164 2993 2864 3177 3324 3019
2588 2568 2771 2615 2584 2626 2560 2712 2706 2649 2255 2516 2778 2576 2541 2767 2690 2448 2909 2834 2531 2688 2617 2803 2777 2215 2689 2383 2844 2518 2706 2630 2746 2594 2369 2658 2791 2417 2734 2934 2392 2562 2692 2549 2805 2505 2787 2668 2822 2605 2509 2794 2512 2544 2857 2663 2607 2642 2524 2773 2558 2515 2450 2787 2545 2811 2455 2877 2672 2680 2490 2572 2629 2502 2687 2523 2462 2613 2879 2592 2518 2675 2770 2796 2681 2674 2609 2693 2310 2876 2802 2543 2683 2692 2985 2481 2582 2867 2811 2631
3020 2989 3279 3198 3240 3047 3106 3343 3129 3108 2631 2941 3250 3017 3206 3153 3190 2988 3246 3353 2965 3012 3011 3374 3153 2859 3150 2964 3196 2850 3114 3182 3330 3062 2991 3172 3319 3140 3172 3491 2777 3040 3313 3017 3518 2322 3268 3110 3222 3170 3125 3246 2985 3232 3453 3052 2982 3028 3241 3156 2965 2961 3140 3137 2993 3290 3247 3052 3273 2905 2987 3056 3255 2937 3056 3282 3032 3307 3229 3044 2958 2970 3495 3205 3288 3248 3342 3022 2954 3593 3054 3153 3425 3030 3362 3213 3168 3131 3413 3245
2914 2862 2844 2906 3045 2853 2887 3058 2755 2843 2462 2773 2836 2717 2743 3023 2841 2783 3069 3143 2765 2921 2834 3196 2992 2580 2969 2713 3162 2599 3046 2846 3067 2832 2718 2758 3174 2817 2898 3213 2634 2683 2977 2809 2978 2614 3046 2831 3116 2710 2814 3216 2888 2611 2815 2947 2800 2871 2927 3121 2967 2620 2885 2985 2735 3104 3037 3018 2873 2807 2780 2719 3055 2762 3116 2973 2614 2892 3075 2707 2599 2964 3165 2862 3065 2761 2944 2944 2652 3255 2976 2933 3067 2870 3091 3080 2975 2905 3131 2965
2861 2756 2923 2953 2922 2873 2875 3057 2883 2858 2463 2665 2964 2875 2592 2619 2946 2586 3014 3043 2648 2875 2758 3302 2749 2586 3137 2713 2987 2317 2974 2988 3127 2911 2686 2926 3104 2929 2851 3081 2500 2785 2932 2692 3034 2554 3123 2970 3179 2905 2804 3151 2820 2768 3232 2925 2680 2742 2916 3103 2782 2819 2829 2976 2724 3019 2975 3001 2836 2784 2786 2864 2829 2591 3068 3090 2661 2956 2980 2680 2811 2877 3118 2998 3129 2870 3099 2847 2559 3213 2755 2968 2999 2842 3155 2848 2721 2914 3203 2958
3079 3020 2953 3103 3101 3160 2966 3456 3181 3030 2518 2827 3147 2973 2973 3133 3174 2905 3254 2770 2912 3030 3039 3253 2995 2784 3245 2799 3324 2872 3157 3167 3225 3042 2723 3146 3387 3142 3015 3368 2670 2911 3120 2827 3153 2773 3202 3098 3242 3161 3154 3351 2891 2990 3404 2872 2981 3004 3028 3244 3074 2960 3141 3091 2923 3306 3058 3252 2953 3131 3004 2959 3051 2898 3271 3245 3001 3127 3143 3000 2993 3137 3188 3021 3226 3037 3205 3128 2757 3450 3017 3021 3178 3131 3401 3146 3062 3180 3334 3182
2838 2649 2921 2994 2926 2879 2882 3028 2777 2798 2362 2710 2711 2822 2737 3021 2842 2650 2930 3088 2808 2950 2715 3072 2669 2446 2963 2552 2921 2703 2835 2759 2890 2888 2731 2889 3090 2716 2837 2616 2525 2954 3030 2734 2926 2569 3094 2882 2955 2888 2761 2910 2704 2832 3082 2952 2780 2814 2824 2943 2748 2653 2909 2916 2637 2968 2997 3080 2782 2855 2738 2806 2833 2688 3026 2975 2682 2814 3051 2762 2813 2977 3112 3036 3033 2873 2932 2875 2565 3158 2696 3014 2972 2896 3150 2866 2666 3065 3163 2773
2801 2750 2953 2768 2837 2920 2915 3205 2921 2758 2258 2773 2958 2668 2838 2976 2976 2684 2991 3143 2731 2922 2789 3115 2888 2490 3003 2541 3143 2728 2768 2965 3078 3076 2577 2962 3064 2742 2881 3014 2513 2641 2948 2631 2964 2690 2991 2783 2930 2930 2716 3116 2791 2892 3198 2848 2826 2697 2903 3167 2793 2771 2794 2931 2628 2918 2825 2754 2785 2824 2823 2862 2782 2929 2882 3133 2718 2980 3159 2681 2677 2851 3168 2801 2940 2834 2971 2988 2711 3219 2736 2829 3136 2847 3101 2857 2821 2903 3162 2995
3226 3115 3201 3207 3182 3074 3130 3375 3003 3050 2546 3066 3022 3106 3073 3300 3189 2960 3243 3495 2967 3094 3031 3299 3018 2764 3125 2802 3364 2999 3141 3243 3398 3191 2809 3274 3332 3131 3050 3316 2847 3085 3313 3110 3157 2770 3266 3310 3439 3211 2953 3392 3121 3102 3497 3164 3071 3056 3247 3280 2923 2811 3050 3289 2887 3411 3177 3273 3021 3050 2942 3059 3206 2980 3167 3224 3023 3153 3372 2895 2933 3345 3377 3121 3284 3130 3276 3025 2905 3516 3085 3235 3322 3387 3435 3201 3024 2878 3405 3140
2852 2755 3126 2963 2939 3080 3067 3275 3160 2990 2589 2721 3020 2979 3054 2996 3019 2768 3077 3144 2895 2921 2908 3257 2855 2584 3089 2773 3079 2762 2956 3084 3048 2950 2602 3090 3146 2937 2941 3243 2484 2865 3191 2755 3217 2724 3224 2948 3092 3147 2818 3215 2872 2918 3087 2955 2727 2907 2902 3161 2879 2804 2786 3092 2899 3226 2959 2920 3046 2985 2842 2857 2873 2804 2821 3194 2846 3000 3187 2927 2794 2890 3143 2981 3181 2935 3050 3033 2723 3271 2825 2901 3213 3055 3258 3034 2938 3144 2877 2981
3034 3122 3311 3186 3199 3235 3002 3492 3064 3044 2670 2966 3259 3090 3054 3318 3135 3050 3356 3237 3138 3167 3089 3518 3283 2791 3329 2813 3431 2865 3288 3076 3353 3299 2933 3147 3438 3048 3168 3323 2829 3041 3290 3017 3121 2944 3442 3136 3315 3243 3007 3340 3035 3027 3346 3091 3187 3097 3139 3251 3130 2970 3127 3193 2971 3513 3202 3115 3145 3256 3097 3026 3118 2750 3293 3366 2985 3128 3437 2923 3094 3243 3467 3302 3396 2983 3328 3154 3019 3107 3063 3132 3337 3177 3404 3159 3042 3262 3551 3248
2689 2848 3152 3042 3008 3153 2941 3252 2932 2940 2436 2638 3070 2833 2936 3105 2890 3008 3205 3152 2895 3048 2978 3227 2919 2604 3172 2661 3031 2771 3069 2974 3033 3134 2766 2904 3344 2751 3015 3358 2497 2762 3005 2843 3267 2638 3124 2989 3326 3025 2831 3145 2802 2907 3276 2995 2918 2521 2816 2900 2907 2876 2798 2989 2582 3166 2928 3077 3123 2559 2975 2772 2939 2681 3004 3071 2977 3271 3078 2826 2351 2869 3339 2714 3247 2934 2980 2954 2692 3344 2955 3002 3018 3083 3226 2895 2943 3119 3135 3048
2756 2782 3197 2933 2697 2928 2861 3188 3038 3043 2325 2787 2898 2877 2688 3018 2972 2607 3157 2985 2764 2923 2795 3171 3024 2415 2927 2615 3096 2758 2993 2916 3005 2942 2755 2985 3168 2902 2948 3352 2646 2888 3128 2856 3223 2647 3177 2887 3086 2928 2746 3003 2901 2969 3180 3019 3069 2682 3032 3092 2898 2750 2980 3017 2722 3117 2989 3024 2920 2869 2801 2691 2954 2831 3031 3069 2956 2950 3153 2614 2857 3053 3162 3041 3251 3024 2973 2911 2658 3277 2987 2920 3102 2805 3213 2933 2882 3141 3267 2896
2827 2942 3154 3026 3048 2891 2845 3126 2781 2831 2514 2757 2864 2742 2863 3119 2950 2662 3036 2968 2766 2935 2827 3158 2929 2534 2969 2667 2977 2718 3118 2824 3027 3029 2730 2863 3113 3012 2904 3226 2698 2717 2756 2731 3115 2496 3027 2833 3202 2846 2735 3104 2762 2941 3161 3041 3082 2818 2945 2873 2802 2749 2805 3073 2638 3155 2918 3015 2935 2779 2826 2813 2916 2791 3099 2953 2764 2939 3119 2744 2819 2951 2722 3031 3032 3021 2962 2733 2537 3353 3010 2881 3038 2921 3018 3000 2784 3127 3107 2869
3005 3191 3147 3357 3350 3132 3277 3487 3148 3077 2802 3067 3280 3313 2757 3274 3399 2934 3347 3535 3217 3260 3267 3582 3190 2925 3370 3003 3481 2800 3277 3263 3499 3210 2850 3282 3436 3215 3325 3435 2895 3065 3419 3057 3318 2929 3454 3157 3516 3332 3132 3193 3070 3057 3463 3227 3141 3200 3335 3453 3221 3003 3256 3413 2968 3490 3277 3346 3226 3380 2931 3184 3301 2907 3335 2868 3050 2950 3394 3051 2678 3247 3697 3279 3285 3139 3297 3278 2942 3682 3147 3409 3336 3434 3495 3358 3174 3398 3458 3204
2761 2729 3097 2829 3045 2785 2732 3167 2889 2806 2335 2718 2886 2744 2937 2952 2962 2494 3080 3146 2740 3020 2738 3157 2926 2406 2996 2682 3077 2580 2960 2926 2900 2959 2733 2911 3116 2750 2964 2918 2714 2829 3027 2700 2913 2842 3176 2927 3209 3074 2758 2924 2755 2692 3164 2817 3041 2884 2805 3031 2774 2737 3023 2954 2695 3036 2941 2923 2890 2913 2644 2827 2926 2827 2947 3044 2700 2898 3042 2899 2716 2847 3129 2914 2951 2745 2855 3076 2593 3141 2739 2950 2822 2917 3102 2895 2781 2999 3182 2898
3043 2904 3137 3119 3091 3013 2857 3339 3086 3127 2524 3054 3166 2990 2902 3249 3087 2833 3152 3342 2941 3146 3009 3301 2929 2658 3130 2849 3307 2884 3189 3125 3058 2833 2734 3016 3349 3051 3128 3407 2804 3109 3045 2991 3302 2658 3264 3044 3012 3090 2929 3255 2987 2942 3384 3025 3012 3132 2954 3169 2993 2949 3001 3163 2977 3299 3198 3153 3067 3020 2983 3032 3108 2946 3213 3156 2527 3140 3306 2909 2897 3100 3232 3096 3178 2989 3215 3098 2811 3407 3055 3166 3328 3103 3306 3378 2795 3194 3322 3103
2883 2725 2989 2924 3018 2933 2676 2618 2900 2717 2418 2670 2799 2716 2649 2994 2931 2547 2949 3038 2679 2840 2772 3080 2834 2424 2949 2662 3061 2534 2983 2780 2961 2792 2640 2895 3257 2764 2975 3072 2488 2786 2946 2716 3148 2604 3155 2847 3128 2882 2769 2985 2679 2774 3131 2837 2811 2826 2743 2907 2684 2785 2944 2901 2629 2992 3062 3029 2974 3047 2738 2747 2857 2570 3070 2928 2690 2736 2932 2876 2899 2789 3036 2887 3064 2861 3026 3007 2420 3046 2836 2673 2806 2796 3224 2887 2704 2954 2963 2833
2900 2732 2865 2963 2988 2842 2889 3215 3002 2862 2438 2662 2978 2955 2688 2901 3003 2854 2992 2987 2830 2893 2899 3295 2926 2507 2950 2650 2972 2533 2988 2923 2982 3055 2652 2863 3192 3004 2893 2946 2265 2699 3024 2684 3148 2666 3109 2772 3145 2849 2775 3135 2922 3003 3171 3051 2830 2875 2976 2992 2909 2728 2740 2992 2766 3204 2927 2883 2869 2847 2729 2812 2959 2798 3011 2908 2822 2947 3225 2723 2590 2846 3267 3058 3065 2981 2885 2780 2725 3287 2884 3096 3236 2921 3262 2811 2961 3103 3182 3047
2725 2695 2912 2843 2888 2575 2737 2921 2795 2685 2349 2520 2770 2813 2709 2781 2874 2611 2883 2994 2776 2699 2701 2947 2759 2494 2693 2587 2871 2507 2656 2773 2896 2693 2474 2887 3015 2790 2634 3030 2530 2765 2937 2590 2901 2484 2880 2851 2783 2834 2701 2811 2679 2673 2879 2735 2672 2787 2842 2842 2639 2492 2789 2746 2680 3140 2910 2851 2826 2767 2626 2729 2842 2618 2779 2787 2691 2910 3076 2576 2635 2755 2972 3011 2826 2714 2832 2829 2483 3167 2627 2889 3046 2828 3049 2847 2693 3027 3034 2833
2868 2696 2781 2914 2954 2659 2758 2979 2724 2680 2297 2573 2822 2792 2822 2936 2807 2579 2790 3043 2667 2692 2535 2980 2634 2429 2835 2591 2868 2519 2763 2860 3079 2730 2514 2862 2855 2671 2713 2888 2407 2601 2858 2715 2898 2535 2915 2819 2952 2743 2641 2912 2584 2700 2931 2805 2577 2819 2767 2978 2580 2583 2779 2846 2605 2671 2870 2765 2695 2759 2556 2809 2694 2487 2676 2789 2555 2776 3067 2690 2597 2858 2926 2958 2715 2749 2794 2681 2562 3027 2625 2813 2909 2695 3070 2752 2700 2830 3054 2989
2928 2878 3182 3017 2932 3175 2811 3307 3071 2955 2397 2922 2957 2866 2934 2905 2969 2981 3299 3167 2913 3019 2949 3404 2995 2576 3154 2859 3099 2786 2969 3146 2938 3079 2636 2993 3288 2894 3103 3182 2688 2870 3070 2927 3185 2869 3271 3012 3281 3169 2835 3152 2921 2829 3295 3043 3087 2859 3054 3178 3095 2870 3077 3071 2733 3155 2910 3032 3075 2855 3030 2781 3123 2943 3291 3204 2873 3096 3114 2835 2660 2974 3253 3084 3248 2913 3030 3090 2750 3232 2944 2972 3119 2974 3201 3076 2952 3050 3345 3013
3082 2823 3041 3129 3044 2965 3056 3315 3051 2949 2383 2849 3078 2777 3031 3023 3141 2825 3078 3210 3021 2985 2869 3239 2777 2676 3093 2661 3092 2883 2875 3184 3097 2919 2689 3094 3371 3064 2849 3402 2469 2860 3005 2965 3217 2772 3160 3026 3239 2817 2868 3183 2934 2895 3239 2965 2861 2981 2898 3102 3010 2873 3082 2983 2748 3252 2905 3163 3032 2874 3012 2975 3035 2993 3205 3273 2894 3034 3112 2901 2967 3054 3172 3139 3179 3085 3117 2978 2745 3274 2882 2991 3155 3003 3266 3065 2982 3157 3248 3042
3141 3207 3272 3198 3216 3093 3247 3490 3052 3092 2605 2908 3240 3124 3172 3309 3358 2850 3356 3326 3116 3203 3169 3442 3139 2705 3142 2930 3456 2837 3170 3200 3325 3201 2780 3167 3436 3149 3126 3418 2820 3147 3383 3084 3303 2897 3303 3128 3531 3341 3109 3361 3112 3179 3347 3110 3084 3028 3303 3394 3100 2786 3272 3218 3005 3402 3241 3261 3079 3152 2972 3044 3189 2965 3303 3268 3070 3149 3411 3089 3023 3254 3372 3080 3372 3231 3092 3206 2971 3439 3069 3161 3357 3316 3413 3271 3210 3184 3404 3161
2978 3048 3097 3031 3015 3117 2953 3451 2950 2909 2619 2834 3184 3070 3059 3214 3162 3013 3366 3313 3047 3010 3110 3412 3009 2838 3167 2943 3199 2994 3097 3207 3148 3093 2717 3021 3265 3134 2968 3450 2625 2997 3136 3101 3298 2676 3440 3065 3317 3281 3029 3215 2889 3044 3323 3122 3112 3016 3111 3113 3015 2869 3022 3196 2803 3440 2974 3255 3053 2957 2986 2783 3145 2874 2986 3242 3144 3234 3215 2829 2910 3064 3304 3254 3278 2992 3233 2644 2785 3364 2972 3145 3122 3276 3357 3095 3165 3427 3453 3129
2763 2781 2897 2748 2763 2920 2576 3131 2823 2709 2353 2766 2742 2708 2837 2884 2952 2638 2969 3049 2801 2926 2653 3089 2824 2440 2901 2493 2869 2631 2864 2973 2944 2703 2582 2933 2987 2712 2859 3085 2703 2672 2949 2628 3019 2606 2970 2964 3065 2856 2767 3083 2753 2800 3024 2863 2911 2684 2805 2892 2782 2696 2871 2997 2594 2952 2825 3023 2845 2691 2767 2721 2730 2750 2986 2972 2520 2763 2995 2628 2730 2912 3034 2853 2890 2967 2873 2826 2543 3088 2884 2626 2882 2829 2903 2938 2734 2886 3198 2838
3184 3261 3577 3502 3446 3359 3327 3594 3337 3366 2826 3164 3334 3109 3142 3405 3328 3221 3647 3604 3288 3322 3352 3652 3481 3078 3286 3001 3662 3140 3280 3459 3604 3414 3055 3307 3728 3406 3413 3768 3055 3275 3515 3308 3619 3042 3559 3389 3672 3267 3248 3627 3277 3274 3483 3383 3477 3200 3256 3435 3330 3132 3405 3357 3273 3823 3301 3503 3265 3321 3340 3064 3429 3162 3639 3484 3176 3441 3595 3134 3076 3525 3706 3492 3643 3585 3511 3176 3076 3895 3462 2856 3519 3367 3509 3425 3370 3634 3665 3329
2975 2647 3216 3050 3166 2906 2960 3296 2941 3168 2554 2955 3138 2983 2896 3347 3099 2764 3191 3235 2994 3134 2929 3425 2965 2753 3145 2807 3158 2712 3128 3133 3060 3019 2709 3128 3446 3074 3172 3363 2737 2985 3004 3067 3287 2780 3335 3096 3310 3074 3015 3153 2926 3091 3228 3238 3187 3096 3175 3254 3241 2778 3082 3241 2923 3188 3155 3239 3062 3121 2995 3100 3239 3065 3284 3221 2965 3133 3327 2937 3008 3165 3348 3185 3256 3110 2962 3001 2977 3414 3076 3165 3216 3127 3492 3252 3088 3131 3391 3183
3303 3290 3212 3149 3264 3250 3061 3484 3275 3140 2639 2863 3247 3261 3129 3264 3259 2911 3316 3320 3055 3151 3002 3372 3121 2845 3361 2781 3300 3020 3101 3296 3220 3204 2839 3268 3470 3204 3158 3515 2751 3058 3198 2949 3342 2975 3469 3272 3333 3254 2928 3528 3091 3054 3529 3119 3074 3194 3110 3305 3075 3050 3187 3184 3003 3415 3125 3368 3154 3198 3038 3039 3129 2982 3255 3353 3057 3274 3333 3163 3018 3255 3343 3241 3290 3368 3135 3316 2880 3456 3130 3058 3240 3341 3508 3086 3069 3381 3568 3268
2770 2800 3170 2950 2872 2836 2818 2592 3065 2897 2316 2349 2895 2771 2796 2920 2995 2901 3156 2951 2624 2801 2736 3090 2969 2557 2898 2625 2996 2663 2747 3027 3056 2841 2560 2908 2986 2838 2803 3006 2580 2719 3134 2665 3068 2660 3024 2855 3022 2982 2776 3077 2696 2847 3003 2805 2887 2749 2942 2972 2678 2784 2871 2730 2429 2800 2899 2907 2954 2778 2962 2652 2930 2677 2998 2925 2882 2880 3167 2722 2541 2809 3210 3001 3106 2973 2789 2798 2691 3355 2680 2720 2914 2834 3140 2940 2720 3081 3211 2470
3253 3174 3627 3564 3377 3369 3244 3820 3374 3378 2834 3157 3536 3218 3312 3681 3442 3167 3564 3600 3155 3328 3302 3631 3364 2990 3471 3234 3575 3014 3559 3350 3461 3316 3144 3370 3736 3243 3430 3690 2966 3291 3518 3295 3662 3087 3731 3351 3593 3551 3379 3442 3243 3380 3719 3219 3495 3343 3329 3328 3261 3079 3348 3472 3316 3659 3312 3533 3550 3453 3241 3423 3366 3162 3404 3520 3363 3348 3639 3387 3318 3383 3622 3491 3513 3460 3485 3418 3109 3680 3254 3385 3559 3515 3717 3492 3198 3429 3792 3454
3108 2942 3466 3271 3138 3037 2993 3366 3002 3104 2697 3052 3077 3042 3100 3217 3212 2981 3310 3283 3145 3068 3017 3421 3143 2828 3409 2930 3270 2925 3184 3235 3227 3223 2749 3157 3445 3203 3355 3438 2975 3153 3289 3024 3403 2866 3429 3187 3340 3290 3010 3293 3210 2999 3462 3299 3237 3087 3309 3359 3196 3013 3143 3276 2953 3495 3242 3238 3060 3028 3026 2911 3306 3067 3314 3261 2924 3300 3199 2929 3105 3078 3471 3262 3342 3319 3263 3116 3029 3480 3218 3214 3398 3222 3380 3289 3038 3263 3419 3164
3174 3071 3164 3282 3323 2903 2957 3345 3283 3013 2741 2938 3157 3108 3126 3268 3430 2823 3370 3284 3062 3220 2982 3445 3192 2734 3163 2980 3139 2888 3280 3283 3472 3080 2982 3115 3359 3222 3038 3401 2802 2971 3220 2992 3230 2824 3301 3212 3478 3088 3071 3298 2970 3165 3363 3205 3034 3134 3286 3274 3150 3023 3249 3187 2984 3272 3216 3392 3089 3140 3117 3060 3175 3068 3266 3224 2919 3161 3371 2912 2901 3119 3475 3335 3185 3219 3236 2999 2823 3582 3155 3214 3280 3183 3482 3327 3122 3367 3577 3183
3090 3159 3178 3035 3267 3192 2949 3388 3055 3041 2597 2949 2979 2937 2977 3169 3097 2941 3175 3331 2935 2957 3066 3362 2928 2711 3206 2875 3192 2829 3131 3178 3200 3103 2886 3197 3466 2944 3237 3371 2687 3015 3380 2909 3450 2793 3226 3130 3401 3093 3057 3395 3017 2985 3539 3184 3006 3170 2979 3093 2994 3062 3051 3053 2908 3352 3014 3097 3131 3112 2929 2851 3228 2910 3252 3121 2976 3153 3167 3076 2885 2945 3313 3235 3362 3010 3180 3209 2920 3273 3174 3086 3118 3070 3317 3211 2919 3277 3429 3077
2824 2888 2995 2975 3081 2886 3032 3243 2756 2929 2389 2632 2825 2838 2894 3044 2908 2710 3092 3205 2779 3027 2738 3175 2979 2434 3136 2770 3164 2770 3059 2717 3144 2951 2725 3000 3254 2791 3077 3164 2586 2877 3129 2929 3196 2747 2905 2954 3185 2926 2835 2968 2867 2924 3247 2987 2925 3001 2962 3196 2879 2814 2812 2895 2804 3072 2997 2975 2907 2919 2779 2743 3076 2821 3011 3037 2781 3054 3163 2966 2841 2999 3134 3023 3119 2837 3042 2861 2763 3327 2987 3037 3127 2926 3279 2924 2860 3260 3125 3091
2717 2630 2806 2771 2899 2647 2610 2835 2769 2546 2356 2592 2754 2637 2672 2863 2688 2537 2868 2932 2628 2665 2573 2740 2715 2324 2687 2555 2892 2515 2800 2852 2915 2825 2520 2644 2965 2550 2750 2928 2371 2628 2819 2632 2930 2470 2842 2687 2833 2708 2611 2913 2535 2757 2918 2750 2830 2640 2663 2709 2586 2565 2841 2695 2611 2884 2824 2692 2763 2694 2574 2628 2829 2547 2744 2883 2605 2773 2921 2586 2637 2742 2808 2879 2798 2575 2818 2926 2439 3218 2701 2954 2807 2759 3036 2789 2627 2860 2950 2746
2875 2824 3087 3075 3045 2959 2945 3321 2993 2929 2313 2839 2988 2825 2948 3086 3071 2796 3234 3042 2881 2991 2813 3259 2742 2507 3009 2771 2901 2893 2936 3085 2882 2990 2783 3004 3065 2870 2931 3146 2536 2891 3010 2772 3162 2586 3204 2970 3100 2978 2886 3096 2768 3055 3017 3033 3020 2751 3066 3026 2859 2803 3115 2983 2774 3077 3091 3132 2841 2854 2951 2943 2868 2767 3300 3239 2775 2978 3054 2802 2806 2876 3252 3044 3067 3059 3015 2827 2805 3241 2835 2684 3141 2852 3143 2801 2992 3037 3437 2939
2895 2752 2966 2751 2881 2949 2714 3189 2962 2729 2385 2774 2988 2850 2908 2962 2923 2856 3004 2910 2830 2981 2875 3123 2927 2537 3065 2713 2948 2516 2880 2877 2866 3094 2580 3052 3007 2978 2973 3102 2613 2546 2904 2686 2714 2552 3052 2877 2998 3006 2772 3095 2714 2935 3044 2719 2864 2725 2893 3005 2969 2755 2847 3014 2732 2977 2947 2638 2899 2816 2837 2854 2857 2663 2985 3051 2806 2878 3006 2703 2657 2887 3123 2895 2969 2880 2879 2773 2599 3196 2795 2875 3085 3017 3210 2875 2930 2956 3237 3034
3208 3181 3403 3467 3524 3459 3314 3618 3409 3292 2700 3132 3370 3178 3290 3352 3482 3070 3249 3503 3342 3228 3220 3614 3303 2954 3156 3092 3471 2896 3443 3284 3543 3430 3089 3240 3574 3341 3309 3724 2796 3170 3367 3194 3645 3070 3571 3420 3509 3347 3193 3519 3123 3352 3419 3278 3251 3124 3422 3294 3265 2975 3461 3288 3293 3623 3525 3385 3419 3261 3220 3236 3347 3156 3441 3617 3070 3243 3634 3127 3088 3440 3595 3348 3422 3268 3534 3146 3173 3818 3215 3295 3555 3283 3681 3370 3415 3494 3749 3393
2852 2926 3058 2812 2976 2935 2749 3149 2817 2772 2244 2647 2964 2796 2841 2998 2931 2584 3206 3129 2795 3033 2799 3167 2980 2615 2921 2749 3120 2711 2896 2865 3076 3016 2647 2926 3258 3039 3013 3119 2552 2759 2968 2898 2991 2742 3058 2962 3479 3067 2838 3069 2702 2894 3070 2867 2979 3031 2791 2818 2832 2891 2920 2940 2791 3081 2925 2911 2952 2878 2958 2852 2817 2709 3128 3066 2706 2838 2963 2660 2576 2936 3276 3080 3291 2966 2970 2670 2676 3148 2988 2858 2922 2930 3138 3060 2762 3084 3148 3010
2859 2687 2954 2942 2929 2755 2832 3090 2792 2855 2356 2696 3020 2826 2824 3085 3043 2566 2960 2970 2636 2763 2843 3146 2830 2374 3000 2651 3104 2572 3016 2947 2991 2912 2612 2836 3168 2840 2915 3068 2506 2867 3010 2704 2948 2626 3099 2828 3017 2928 2672 2971 2861 2431 3230 2687 2896 2933 2872 2914 2584 2648 2728 2914 2777 3049 2807 2860 2901 2798 2559 2771 2889 2800 2790 2988 2710 2947 3056 2749 2803 2883 2945 2912 2882 2879 2942 2862 2595 3082 2877 2923 3072 3014 3301 2747 2768 2862 3150 2851
3176 3057 3154 3216 3181 3105 3094 3460 3274 2956 2600 2907 3034 3057 3115 3082 3267 3005 3319 3155 3087 3115 3217 3375 3041 2575 3086 2909 3156 2787 3259 3171 3216 3143 2898 3109 3464 3153 3083 3375 2855 2884 3380 2819 3354 2796 3288 3027 3369 3129 3049 3347 3057 3089 3617 3112 3189 3115 3280 3173 3019 3023 3135 3137 2889 3465 3231 3217 3172 3075 2968 3107 3096 3077 3268 3214 3156 3292 3356 2901 2817 3091 3494 3186 3368 3140 3145 2690 2976 3520 3065 3161 3394 3344 3523 3164 3117 3276 3454 3132
2902 2948 3144 3085 3145 2904 2941 3173 2872 2458 2524 2928 3113 2861 2725 3083 2999 2815 3108 3222 2827 3026 2964 2998 2980 2608 3113 2640 3125 2782 3002 3028 3075 3081 2562 3043 3216 2968 2906 3299 2511 3009 2994 2940 3146 2671 3078 2966 3194 2925 2764 3022 2780 2937 3281 3008 2989 3150 2867 2961 2837 2715 2890 3028 2738 3142 2914 3007 3135 2895 2923 2728 3113 2860 3092 2940 3040 3027 3050 2904 2985 3053 3165 3053 3009 3027 3015 3007 2641 3336 3043 3071 3091 3122 3137 3022 2927 3179 3061 2915
2872 2785 2997 3107 2834 2823 2844 3175 2882 2776 2366 2601 2984 2926 2846 3121 3050 2636 3045 2924 2821 2908 2877 3103 2735 2483 2936 2666 2976 2666 2962 2964 2930 2837 2575 2847 3110 2722 2863 3076 2625 2845 3220 2716 3045 2706 3056 2888 2999 3033 2841 3125 2861 2867 2765 2816 2970 2863 2964 2928 2730 2812 2869 2892 2743 3082 3014 3043 2939 2906 2777 2847 2713 2767 3046 3031 2656 2903 3213 2781 2751 3023 3063 2931 3061 2981 2902 2889 2766 3206 2674 2815 3040 3146 3040 2988 2774 2823 3173 2955
3006 2941 3153 3191 3085 3091 3144 3557 3164 3073 2474 2907 3153 3048 3251 3062 3261 2991 3090 3414 3099 3016 3042 3459 2963 2702 3141 2965 3226 2896 3089 2921 3087 3063 2850 3094 3474 3038 3147 3392 2769 2901 3175 2967 3340 2933 3371 3007 3180 3241 3140 3156 2792 3051 3409 3076 3085 3032 3188 3121 3006 2914 3165 3085 2860 3379 3130 3093 3087 3105 3010 2956 3149 3016 3145 3210 3049 3072 3247 3120 2961 3118 3461 3139 3192 3067 3225 3048 2936 3518 2870 3142 3279 3207 3299 3214 3006 3357 3235 3075
3141 2892 3238 3089 3168 3095 3131 3506 3120 3016 2647 2897 3274 3070 3023 3201 3124 2793 3204 3160 3036 3141 2950 3443 3138 2593 3212 2517 3327 2951 3063 3163 3245 3084 2835 3072 3356 3106 3196 3346 2726 3045 3249 2888 3249 2821 3198 3064 3227 3055 3029 3360 2979 3144 3262 3088 2971 3163 3157 3275 3045 2883 2989 3178 3030 3367 3115 3328 3084 3120 2964 3103 3154 2844 2637 3286 2955 3012 3313 2988 3173 3279 3376 3203 3174 3231 3242 3075 2812 3582 3160 3018 3305 3224 3430 3252 2994 3327 3456 3185
2673 2883 3052 3181 3013 2841 2890 3277 2894 2921 2443 2673 2812 2912 2841 3075 3050 2673 3002 2933 2844 2847 2759 2698 2852 2491 2979 2699 2843 2765 3045 3060 2992 2854 2675 3090 2954 2717 2884 2982 2472 2876 2981 2691 3141 2583 2730 2903 2999 2926 2761 2840 2678 2852 3110 2940 2719 2802 3052 2868 2740 2599 2859 2800 2721 3007 2788 2955 2920 2832 2839 2729 2926 2697 2969 3145 2835 2995 3171 2906 2760 2922 2969 3008 2845 2929 2872 2834 2788 3118 2740 2838 3086 2886 3194 2815 2877 2998 3163 2894
2695 2654 2874 2782 2848 2807 2759 2934 2737 2795 2316 2783 2655 2598 2683 2879 2813 2492 2877 2991 2503 2840 2458 3022 2686 2417 2868 2424 2917 2697 2759 2801 2841 2695 2498 2826 2936 2681 2823 2839 2441 2787 2806 2721 2959 2457 2850 2710 2910 2648 2506 2832 2661 2561 2932 2807 2715 2746 2623 2823 2621 2455 2781 2821 2551 2840 2877 2838 2670 2743 2655 2663 2736 2571 2870 2916 2689 2776 2916 2700 2608 2865 2926 2799 2745 2742 2801 2649 2443 3113 2658 2676 2837 2767 2896 2738 2616 2878 3039 2670
3005 2969 3344 3275 3164 3028 2787 3440 2926 2924 2502 3003 2947 2924 2918 3243 3084 2882 3029 3217 2902 3027 2811 3255 3074 2532 3229 2815 3312 2790 3137 3256 3105 3134 2780 3071 3406 2883 3128 3191 2719 3026 3040 2938 3149 2818 3252 3025 3276 3060 2988 3106 2978 2891 3278 3060 3272 2911 3047 3174 2963 2867 3228 3003 2850 3144 3070 3073 2945 3096 3028 2997 3061 2985 3219 3231 2973 3086 3317 2922 2920 3253 3163 3206 3009 3143 3172 3182 2780 3331 3031 2922 3160 3043 3201 2988 2999 3066 3341 3075
