100
3046 3143 3321 3063 2985 3352 3402 3016 3157 3087 2996 3504 3097 3194 3345 3471 3075 3099 3154 3111 3040 3130 3191 3091 3430 3205 3310 3257 3112 3270 3160 3255 3445 3059 3292 3085 3028 3218 3441 3215 3100 3098 3279 3349 3110 3189 3044 2767 3169 3118 3356 3169 3396 3177 2760 3206 2876 2991 3379 3266 3473 3563 3303 3333 3340 3233 3152 2875 3361 3013 3276 3280 3311 3177 2912 2980 3158 3134 2947 3519 3205 3313 2985 3150 3322 3311 3011 3222 3267 3154 3320 3467 3426 3491 3428 3053 2715 3346 3217 3329
2904 2949 3188 2736 2715 3129 3368 2889 2981 2994 2891 3246 2927 2992 3260 3145 3024 2810 3041 2993 2947 3043 3000 2952 3312 2865 3119 3156 3008 3171 2946 3245 3337 2905 3193 2924 2813 3097 3282 3101 2999 2931 2992 3012 3008 3091 2975 2582 3166 2928 3305 2922 3195 3012 2767 2878 2820 2842 2934 2998 3307 3319 3278 3341 2977 2922 2979 2985 3106 2914 3270 3172 3166 2994 2685 2972 2832 2945 2702 3135 3146 2989 3039 2975 3079 3012 2958 2896 2928 2803 3314 3263 3364 3167 3152 2860 2712 3079 3092 3117
3022 3069 3230 2868 3135 3083 3408 2839 3054 3044 3150 3278 3094 3375 3262 3398 3102 2886 2898 3100 3020 3040 3136 3001 3199 2855 3241 2914 3109 3314 3049 3030 3189 2813 3090 2919 2806 2952 3241 3072 3117 2916 3054 3128 2910 3132 3097 2542 3229 3013 3265 2925 3258 3119 2582 2950 2822 2924 3096 3136 3335 3395 3319 3103 3109 3048 2976 2761 3319 2920 3152 2934 3030 3117 2755 2891 3225 2771 2727 3107 3235 3034 2804 3038 3229 3195 2932 2988 3081 2842 3232 2997 3264 3364 3143 3117 2763 3045 3310 3235
2951 3165 3125 3062 2775 3115 3207 3014 3074 3101 2818 3439 3021 3217 3317 3330 2992 2968 2987 2989 2915 3119 3110 2914 3258 2985 3261 3044 3088 3226 2969 3259 3415 2773 3170 2903 2848 3142 3302 2952 3000 3076 3055 3167 3011 3014 3163 2687 3098 3124 3405 3006 3481 2971 2640 2929 2941 2947 3239 3314 3396 3446 3403 3210 3146 2927 2865 2869 3171 3016 3163 3133 3103 3277 2886 2928 3021 2914 2811 3129 3115 3196 2905 3008 3365 3181 2913 3209 3125 3031 3075 3313 3407 3387 3194 3167 2790 3243 3222 3459
2978 3099 3142 2865 3070 3214 3480 2871 3006 3185 2970 3400 3213 3186 3246 3370 3031 2868 2947 3025 3095 3083 3145 2943 3278 2843 3285 2978 3169 3176 3013 3113 3317 2917 3147 2959 2826 3003 3287 2942 3067 3052 3017 3245 3131 3188 3000 2680 3209 3115 3296 2811 3341 3104 2775 2831 2885 2978 2954 3209 3500 3266 3319 3241 3168 2949 2990 2888 3196 2966 3269 3097 3248 3023 2853 2900 3153 3016 2874 3101 3267 3073 2969 2959 3322 3140 2978 3090 3105 2994 3246 3153 3437 3372 3267 3124 2690 3265 3264 3142
2977 3006 3317 2739 2835 3300 3306 3017 3190 3015 2796 3177 3136 3089 3135 3315 3078 2775 2975 3088 2939 3157 2941 2826 3240 2930 3144 3191 3147 3203 3101 3079 3286 2926 3270 2883 2856 3084 3205 3041 2810 2962 2923 3213 2973 3039 2958 2773 3200 2839 3194 2935 3012 3142 2665 3035 2728 2822 3035 3208 3121 3244 3245 3239 3064 3074 3094 2705 3140 3045 3236 3146 3064 3014 2730 2766 3048 3025 2923 3271 3187 3099 2857 3074 3211 3225 2876 3017 3027 2950 3246 3154 3351 3267 3078 2848 2741 3106 3141 3131
2974 3119 3247 2797 2874 3050 3350 2930 3070 3159 2902 3248 3154 3069 3134 3352 3118 2916 3127 2941 3055 3008 3167 3089 3459 2959 3237 3037 3219 3274 3133 3381 3400 2987 3116 3127 2787 3045 3454 3095 3011 2790 2953 3248 2979 3146 2974 2863 3243 2961 3377 3034 3268 3202 2669 3035 2736 2979 3225 3268 3310 3402 3163 3245 2991 3009 3109 2842 3309 2789 3412 3110 3061 3175 2980 2866 3195 2982 2682 3202 3250 3032 3076 3070 3116 3170 2907 3191 3265 3156 3133 3131 3287 3269 3128 2983 2631 3205 3197 3146
2713 2868 3037 2725 2761 3035 3170 2855 2832 2882 2709 3103 2995 3031 3093 3121 2931 2690 2878 2797 2756 3006 2783 2798 3066 2694 3118 2755 2973 3027 2794 3026 3143 2886 3040 2669 2597 2944 3041 2883 2891 2650 2767 3192 2898 2906 2827 2538 2963 2860 2968 2925 3087 3101 2570 2880 2606 2863 2912 3085 3202 3069 3241 3010 2889 2811 2763 2538 3014 2748 3127 3013 3102 2802 2723 2737 2836 2862 2843 3046 2987 3086 2785 2880 3141 3162 2639 2890 2951 2733 2920 3010 3041 3219 2891 2874 2572 3144 3007 3021
2918 3174 3308 2787 2906 3174 3175 2955 3017 2895 2914 3340 2978 3008 3125 3351 3101 2827 3070 2922 2788 3093 3022 2955 3274 3014 3308 2930 3160 3185 3002 3109 3123 2900 3175 2789 2807 3060 3285 3204 2912 2985 2955 3156 3028 3070 2980 2616 3109 3060 3172 2868 3347 3049 2703 2947 2740 2968 3063 3108 3227 3363 3318 3178 3114 3004 2966 2779 3218 3087 3210 2934 3063 3009 2749 2764 3127 2907 2903 3088 3196 3160 2854 3069 3350 3162 2841 2922 3081 2806 3157 3069 3226 3221 3142 2962 2729 3032 3054 3294
3032 3230 3364 2849 2900 3013 3325 2848 3095 3052 2953 3347 3081 3109 3413 3327 3013 3011 3151 3021 2922 3149 3018 2942 3407 2915 3222 3148 3087 3232 3053 3133 3348 2942 3030 3020 2739 2995 3352 3074 2905 2829 3109 3221 3102 3047 3114 2616 3156 2936 3254 2957 3301 3096 2680 3005 2962 2933 3036 3044 3436 3511 3308 3163 3128 3019 3040 2824 3185 2967 3176 3064 3163 3038 2972 2825 2926 3002 2943 3295 3226 3255 2863 2970 3219 3058 2874 2940 3037 2994 3203 3292 3401 3373 3315 3000 2652 3304 3359 3107
2807 2764 3048 2646 2596 2834 3035 2832 2971 2761 2535 3101 2882 2976 3114 3048 2860 2629 2852 2805 2713 2893 2781 2682 3022 2832 2998 2855 2812 3141 2818 2923 3107 2779 2860 2731 2687 2743 3021 2735 2822 2774 2786 2935 2765 2798 2895 2455 2975 2844 3141 2719 3067 2916 2508 2954 2713 2553 3010 2910 3126 3131 3191 3208 3010 2790 2788 2615 3007 2812 2949 2759 2952 3021 2537 2667 2773 2683 2802 3083 2923 2887 2819 2819 3007 2973 2730 2721 2892 2669 3078 2946 3204 3104 3034 2851 2528 2945 2991 2954
2719 3035 3197 2489 2640 2942 3083 2700 2824 2797 2591 3044 2874 2891 2990 3072 2869 2693 2902 2796 2717 2970 2806 2695 2979 2738 2927 2866 2801 3054 2773 2906 3196 2712 2878 2830 2634 2783 3011 2862 2631 2689 2801 2913 2788 2723 2847 2436 2966 2709 3113 2709 3129 2977 2505 2708 2556 2713 2880 2921 3102 3161 3022 3005 2780 2746 2828 2623 2832 2737 3055 2816 2815 2998 2553 2554 2697 2658 2677 3029 2856 2921 2831 2723 3077 2924 2621 2660 2784 2709 2945 2979 3114 3100 2811 2687 2480 3106 2965 2988
2878 2949 3269 2796 2983 3288 3403 3034 3017 2942 2677 3188 3207 3158 3031 3252 3089 2902 3045 3018 2859 3195 3102 2905 3187 2941 3140 3205 3019 3107 2941 3108 3285 3086 3052 2969 2724 2994 3258 3131 2920 2989 2839 3127 3060 3093 3050 2709 3166 3019 3145 2909 3199 3181 2681 3096 2758 2906 3000 3210 3481 3422 3221 3332 3015 2951 3063 2840 3132 2914 3288 3120 3124 3002 2756 2877 2997 2950 2933 3251 3090 3078 2822 2988 3107 3117 2833 3033 3149 2957 3139 3258 3285 3398 3123 2858 2604 3157 3159 3130
2997 3165 3261 2868 3064 3322 3391 3043 3149 3112 2873 3222 3278 3236 3279 3325 3023 2894 3211 3028 2932 3119 3088 3062 3287 3093 3309 3183 3168 3400 3283 3364 3436 3014 3212 3164 2863 3023 3419 3087 3019 2965 3108 3344 2823 3165 3142 2769 3275 3202 3473 2853 3301 3103 2582 3181 2789 3106 3235 3308 3244 3425 3359 3233 3057 3158 3225 2954 3383 2932 3400 2950 3127 3042 2770 2835 3181 3059 2884 3182 3168 2879 3218 3135 3353 3133 2958 2979 3302 3105 3195 3348 3461 3309 3292 3120 2758 3333 3357 3365
2933 2869 3165 2445 2792 2920 3037 2672 2971 2875 2654 3061 2854 2956 2823 2924 2896 2802 2861 2702 2834 2821 2849 2753 3053 2772 2902 2933 2811 2941 2665 2904 3074 2834 2863 2733 2624 2858 3222 2881 2727 2902 2849 3010 2756 2928 2850 2388 3128 2845 2990 2653 3041 2838 2481 2827 2824 2747 2850 2917 3208 3094 3084 3000 2852 2794 2938 2632 2903 2799 2977 2705 2864 2882 2838 2860 2788 2681 2718 2981 2971 2961 2656 2947 3101 3051 2693 2856 2779 2758 2903 3090 3128 2960 3137 2758 2435 2807 3055 2988
2727 2792 2976 2624 2641 2769 3101 2670 2747 2844 2497 2937 2731 2853 2879 2961 2873 2500 2740 2889 2529 2765 3034 2658 2814 2508 2920 2744 2913 2914 2682 2996 3088 2706 2796 2733 2482 2727 3041 2681 2660 2764 2859 3042 2718 2886 2770 2392 2877 2856 2964 2593 2843 2827 2646 2791 2600 2641 2817 2778 3257 3029 2854 2867 2828 2699 2786 2490 2769 2674 2851 2600 2868 2630 2667 2676 2743 2690 2685 2939 2905 2844 2545 2746 2920 2897 2747 2721 2822 2721 2957 2971 2888 3158 3038 2662 2444 2872 2885 2827
3243 3236 3334 2938 3157 3347 3544 3005 3293 3164 3001 3287 3259 3439 3342 3307 3173 3130 3124 3038 3169 3124 3284 3012 3457 3061 3288 3390 3086 3453 3206 3217 3443 3022 3223 3067 3019 3042 3392 3130 3005 3058 3050 3549 3222 3200 3084 2817 3345 3067 3430 3132 3440 3324 2716 2996 2883 3230 3161 3370 3365 3501 3469 3175 3097 3179 3201 2915 3275 3094 3473 3148 3151 3069 3082 3008 3218 3088 2972 3408 3173 3286 3039 3078 3459 3396 2982 3120 3284 3253 3302 3260 3497 3604 3211 3263 2881 3240 3277 3401
2887 3277 3223 2884 2984 3171 3245 3056 3033 2958 2890 3321 3039 3152 3334 3267 2937 2816 2973 2935 3068 3231 2965 2985 3249 2860 3239 2961 3060 3212 2958 3213 3399 2944 3232 3020 2827 3097 3379 3055 2934 3084 3284 3160 3081 3076 3063 2620 3181 3057 3182 2986 3352 3100 2822 2995 2835 3043 3148 3287 3372 3477 3330 3345 3149 2962 2998 2881 3263 3233 3299 3237 3180 2901 2723 2819 2866 3197 2818 3244 3181 3170 2846 2983 3305 3280 2999 2837 3055 2979 3159 3388 3172 3332 3168 2956 2698 3275 3137 3309
2530 2838 2763 2453 2741 2847 2902 2716 2688 2813 2370 2803 2888 2892 2724 2891 2739 2505 2647 2749 2667 2640 2851 2545 2725 2596 2804 2732 2567 2953 2709 2847 3008 2580 2798 2519 2360 2524 2860 2629 2501 2731 2628 2904 2588 2719 2854 2288 2915 2812 2998 2384 2981 2733 2470 2634 2421 2583 2613 2852 3001 2885 2908 2826 2642 2825 2665 2503 2821 2694 3016 2635 2736 2723 2412 2490 2515 2693 2444 2809 2823 2621 2689 2515 2880 2777 2628 2726 2742 2639 2710 2844 2739 2901 2770 2555 2267 2834 2814 2920
2868 3121 3182 2707 2967 3157 3284 2955 3158 3075 2913 3042 3059 3204 3125 3199 2911 2753 2968 2953 2960 3071 3156 2969 3091 2997 3082 3086 2931 3071 2881 3075 3405 2893 3090 2749 2850 2900 3289 2955 2932 2982 2985 3255 2880 2963 3021 2453 3113 2983 3232 2930 3236 3180 2596 3027 2629 2985 3087 3235 3298 3231 3293 3158 3052 2984 3057 2728 3407 2916 3175 3035 3162 3042 2680 2797 2928 3085 3033 3078 3091 3252 2892 2934 3206 3116 2969 3035 3090 2905 3074 3084 3169 3385 3017 2905 2657 3244 3101 3294
2556 2904 2960 2446 2637 2792 2982 2737 2740 2762 2643 2935 2797 2810 2924 2949 2705 2345 2734 2604 2593 2812 2809 2695 2934 2659 2936 2679 2749 2955 2742 2996 3000 2787 2852 2660 2517 2639 3113 2843 2592 2563 2602 3030 2683 2708 2691 2338 2868 2792 2945 2616 2955 2852 2542 2780 2396 2693 2868 2953 2973 3111 2930 2769 2599 2659 2806 2549 3033 2641 2966 2905 2851 2795 2501 2578 2901 2695 2453 2850 2841 2944 2749 2785 2909 2890 2666 2698 2805 2776 2885 2829 2947 2920 2635 2659 2440 2846 2915 2871
2865 2949 3084 2423 2692 2785 2976 2701 2953 2651 2622 2867 2825 2956 2913 3023 2883 2527 2838 2811 2775 2775 2841 2724 3079 2627 2926 2813 2816 2971 2806 2967 3018 2776 2834 2827 2545 2747 3106 2910 2801 2580 2972 3126 2856 2846 2802 2371 2944 2749 3028 2870 2998 2858 2251 2612 2508 2828 2824 2941 2994 3135 2913 2818 2799 2809 2889 2527 3021 2757 3034 2987 2866 2801 2666 2499 2794 2814 2442 3032 2869 2900 2716 2671 2957 2962 2647 2753 2868 2895 2857 3063 2870 3108 2842 2751 2525 2925 2887 3006
2706 2901 2976 2618 2740 2895 3002 2741 2819 2659 2491 2959 2849 2938 3015 3011 2552 2574 2880 2720 2816 2924 2865 2781 2921 2674 2912 2888 2904 2881 2608 2864 3099 2695 2870 2937 2633 2793 3059 2762 2615 2631 3032 2819 2868 2792 2765 2388 2792 2692 2836 2728 2806 2866 2449 2861 2555 2788 2833 2817 3054 3076 2956 3029 2964 2651 2827 2535 2998 2703 2988 2796 2854 2798 2538 2577 2681 2883 2805 2942 2995 2809 2569 2742 2931 2913 2715 2553 2796 2739 3056 3039 3008 3056 3030 2750 2507 2878 2908 2931
3065 3183 3198 2795 2902 3219 3356 2891 2959 3039 2852 3362 3109 3172 3238 3173 3069 2965 3124 3144 2872 3113 3053 2965 3356 3035 3302 3170 3023 3350 3279 3228 3404 2900 3196 2838 3020 3070 3324 3058 3082 3027 3036 3269 2996 3133 3212 2735 3169 3008 3404 2932 3393 3266 2827 3000 2947 2991 3165 3274 3379 3377 3424 3072 2976 3025 2936 2811 3034 3125 3245 3071 3145 3146 2844 2878 2933 2968 3000 3260 3114 3194 3064 2992 3287 3255 2800 3031 3153 3031 3150 3188 3540 3346 3088 3092 2844 3329 3141 3295
3195 3309 3540 2946 3115 3391 3588 3171 3300 3346 3174 3403 3383 3486 3213 3389 3126 2977 3259 3119 3186 3191 3288 3104 3438 3151 3476 3218 3386 3343 2992 3442 3508 3177 3395 3261 2969 3094 3567 3357 3170 3215 3174 3496 3214 3385 3188 2719 3298 3072 3364 3135 3445 3216 2758 3184 3030 3262 3264 3322 3434 3586 3624 3299 3304 3030 3451 3079 3534 3168 3349 3229 3279 3201 3105 2998 3244 3092 2989 3243 3401 3455 3160 3197 3595 3477 3377 3352 3285 3160 3328 3421 3455 3569 3434 3099 2865 3341 3435 3402
2969 2958 3274 2944 2844 3165 3326 2948 3084 3003 2994 3194 2977 3198 3223 3226 2992 2966 3006 3003 2964 3029 3084 2901 3214 2965 3322 3043 3094 3237 3067 3273 3528 2955 3179 2922 2935 3042 3370 2894 3052 3069 3157 3157 3038 3048 2982 2637 3151 3098 3329 2955 3313 3146 2581 3194 2879 2962 3129 3231 3334 3374 3386 3192 3132 2910 2961 2805 3204 2997 3292 3159 3171 2971 2941 2829 2900 2986 2848 3188 3188 3121 2965 3154 3264 3218 2977 2993 2954 2928 3109 3427 3414 3300 3240 3218 2732 3150 3195 3293
2831 2929 3057 2585 2705 2972 3089 2646 2904 2942 2805 2981 2990 2955 2965 3134 2964 2625 2910 2817 2796 2866 2952 2996 3032 2634 2928 2898 2942 3068 2912 3083 3117 2884 2950 2923 2578 3037 3139 2890 2918 2779 2871 2949 2891 2841 2805 2493 3097 2929 3144 2760 3044 3000 2616 3079 2685 2916 2773 3098 3149 3224 2976 3028 2824 2642 2767 2682 3117 2785 3112 3024 2898 2907 2680 2700 2818 2961 2758 2914 2819 2902 2738 3085 3057 2988 2727 2780 2934 2835 2967 2962 3098 3160 2975 2771 2711 3119 3084 3015
2789 2798 2984 2622 2730 3037 3192 2711 2940 2909 2625 2937 2886 3018 3010 3189 2829 2591 2716 2718 2734 2981 2931 2589 2922 2766 3074 2981 2766 2903 2850 3015 3161 2693 2929 2723 2332 2936 3058 2848 2878 2665 2777 2869 2778 2803 2998 2547 2838 2851 3137 2691 3076 2906 2395 2771 2498 2920 2871 3002 3094 3010 2979 2969 2839 2947 2958 2730 3168 2698 2960 2805 2895 2926 2543 2637 2958 2723 2614 2788 2816 2624 2781 2749 2999 2691 2698 2883 3029 2687 2824 2973 3121 3110 3009 2815 2620 3020 3043 3179
2925 2974 3193 2807 2929 3227 3278 2896 2936 2941 2854 3090 2996 2973 2964 3285 3012 3000 2925 2883 2921 3027 3088 2773 3178 2933 3257 3089 3061 3198 2962 3073 3261 2949 3119 2834 2780 2996 3186 3111 2965 3019 2915 3153 3144 3047 2956 2679 3113 2890 3360 2961 3247 3235 2646 2897 2696 2911 2867 3075 3227 3139 3298 3130 3007 3053 2844 2739 3191 2929 3309 3059 2945 3048 2698 2657 3037 2826 2804 3196 3155 3118 2973 3066 3198 3085 2808 3075 3068 2899 3058 3021 3390 3224 2883 2830 2635 3121 3074 3116
2941 2984 3032 2603 2796 3004 3175 2852 3042 2848 2735 3071 2986 3054 2965 3114 3038 2828 2707 2868 2983 2772 3049 2931 3187 2839 3030 2923 2972 3149 2875 3015 3076 2846 3101 3082 2809 2801 3132 2895 2810 2867 2922 3217 2870 2958 2854 2743 2970 2864 3154 3026 3041 2954 2614 2955 2593 2743 2873 3023 3193 3051 3140 3075 2932 2743 2765 2630 3126 2837 3082 2937 2989 2928 2759 2740 2773 2823 2783 3161 2926 3003 2683 3008 2903 3150 2805 2946 2920 2955 3040 3124 3125 3221 2986 2714 2598 3093 3019 3049
2991 3152 3151 2692 2883 3103 3256 2909 3142 3090 2768 3218 3178 3193 3080 3118 2932 2928 2980 2869 2850 2941 3119 2940 3245 3073 3105 3300 2775 3134 3061 3163 3415 2875 3070 2974 2743 2890 3229 3063 2963 2912 2967 3229 2863 3072 3036 2695 3124 2953 3247 2967 3308 3084 2798 2982 2727 2957 3061 3167 3391 3410 3219 3108 2901 2867 3079 2834 3120 2959 3197 2930 3096 3039 2784 2789 2941 2807 2833 3064 3062 3087 2964 2888 3093 3024 3026 3010 3071 2987 2999 3282 3379 3194 3151 2867 2763 3201 3192 3282
2889 3108 3248 2780 2931 3242 3448 3118 3068 3177 2713 3197 3203 3233 3131 3174 2990 2791 3023 3115 2991 3208 3022 2808 3359 2972 3224 3102 3066 3116 3007 3157 3172 3038 3059 2968 2972 2913 3271 3020 2960 3050 2904 3279 2900 3115 3096 2593 3250 3093 3306 2945 3150 3191 2481 3084 2820 2957 3005 3135 3276 3302 3409 3051 3028 2929 3083 2860 3285 2901 3313 3042 3175 3137 2785 2826 3029 2993 3074 3127 3142 3075 3050 2903 3215 3136 2972 3228 3084 3055 3219 3284 3373 3323 3107 2939 2850 3170 3255 3151
3115 3122 3406 3086 2932 3323 3388 3115 3101 3188 2933 3386 3244 3373 3345 3268 3114 3066 3016 3094 3034 3245 3094 2868 3495 3007 3159 3115 3129 3059 3083 3356 3288 3081 3277 2922 2674 2963 3425 3212 2956 2965 3020 3371 2987 3222 2915 2671 3212 3046 3313 2894 3325 3185 2459 3054 3163 3065 3174 3481 3389 3379 3408 3240 3239 3188 3167 2847 3421 3032 3352 3169 3256 3086 2763 2906 3010 3126 2914 3220 3334 3189 2943 3066 3524 3172 2837 3163 3198 3118 3107 3241 3430 3497 3314 3053 2725 3391 3402 3328
3080 3172 3462 2932 3036 3269 3437 3023 3128 3105 2974 3268 3076 3319 3169 3459 3112 2879 3145 2997 3026 3155 3115 3040 3278 2890 3285 3021 3082 3367 2964 3264 3348 3019 3118 3068 2912 3101 3361 3040 3018 3000 3115 3139 3005 3236 3188 2659 3250 3082 3323 2992 3317 3255 2708 3108 2837 3015 3155 3221 3502 3472 3324 3236 3144 3007 3128 2782 3125 2852 3292 3019 3081 3230 2905 2844 3104 2948 2847 3180 3065 3186 2863 3058 3365 3456 3015 3070 3145 3016 3264 3308 3267 3467 3184 3145 2737 3168 3227 3265
2948 3130 3310 2796 2931 3074 3280 2959 3046 3009 2835 3243 3038 3180 3329 3232 3115 3008 3113 2903 2923 3009 3250 2892 3295 2984 3190 3118 2967 3244 3077 3283 3324 3051 3088 2929 2762 2729 3289 3058 3107 2882 3024 3381 3087 3139 3053 2680 3216 3001 3405 2911 3311 3079 2702 2871 2929 2914 3071 3047 3357 3376 3346 3198 3033 2973 3028 2919 3224 3007 3322 2956 3095 3109 2822 2840 2957 2875 2882 3192 3162 3124 3000 2952 3242 3118 2997 3056 3131 3031 3128 3163 3239 3305 3175 3012 2807 3150 3380 3315
2920 2964 3168 2779 2914 3346 3376 2915 3088 2942 2767 3104 3058 2971 3094 3238 3017 2735 2993 2995 2854 3103 2950 2829 3339 2851 3124 2972 3130 3049 2910 3128 3258 2899 3105 2897 2801 3030 3238 2965 2965 2964 2894 3177 2966 3148 2963 2698 2990 2870 3228 2973 3075 3143 2505 2869 2778 2904 2935 3181 3287 3089 3281 3093 3002 2946 2862 2799 3212 2920 3272 3210 3011 2959 2794 2846 3010 2871 2695 3153 3144 3062 2975 2834 3121 3033 2933 3160 3005 2943 3139 3112 3318 3150 3126 2895 2708 3205 3206 3126
3065 3234 3288 2851 2980 3225 3380 3088 3269 2942 2967 3189 3242 3139 3307 3386 3032 2992 3246 3017 2930 3274 3200 3012 3419 2924 3385 3138 3062 3297 3059 3156 3322 3094 3134 3033 2713 2935 3426 3235 3036 3001 3019 3301 3135 3167 3084 2809 3188 3094 3222 3075 3366 3296 2775 3035 2954 3058 3074 3379 3480 3497 3349 3352 3086 3270 3074 2977 3521 3077 3485 3356 3251 3074 2863 2838 3043 3158 3091 3306 3165 3292 3135 3262 3125 3226 2984 3144 3182 3206 3179 3263 3238 3381 3243 3005 2808 3279 3302 3083
3025 3165 3276 2760 2898 3302 3299 2981 3186 3051 2858 3177 3259 3029 3158 3360 3124 2883 3135 3132 3021 3293 3036 2886 3167 2878 3226 3203 3299 3292 3058 3127 3303 3027 3080 3087 2818 3142 3358 2999 2997 3000 3044 3264 2994 3071 3209 2859 3210 3070 3188 2964 3206 3147 2685 3126 2780 2899 3132 3192 3437 3387 3289 3273 2965 3018 3005 2877 3318 3060 3173 3192 3143 2890 2827 2816 3022 3082 2896 3202 3215 3263 3085 3145 3278 3329 2949 2962 3274 3179 3297 3109 3322 3419 3212 3030 2696 3257 3387 3078
2965 3114 3307 2790 2932 3126 3365 2894 3092 3082 2899 3196 3095 3108 3334 3305 3059 2808 3183 3007 2906 3122 2987 2881 3274 2912 3098 3022 3095 3327 3092 3267 3301 2886 3143 2922 2829 3032 3299 2997 2937 2900 2944 3247 2903 3023 3018 2664 3086 3012 3282 2762 3125 3068 2606 2855 2865 2918 3118 3163 3302 3412 3370 3216 2989 3027 3055 2840 3256 2941 3298 3055 3230 2887 2840 2832 2977 2983 2852 3268 3097 3034 3107 2952 3275 3099 2931 2947 3109 2911 3239 3113 3302 3353 3326 2986 2628 3349 3286 3070
3168 3299 3336 2921 3272 3341 3363 3174 3384 3118 3145 3324 3233 3320 3162 3402 3275 3032 3247 3144 3059 3187 3108 3254 3485 3011 3247 3299 3193 3418 3078 3299 3295 3130 3155 3279 2972 3134 3499 3305 3149 3102 3029 3389 2950 3275 3167 2872 3294 3067 3451 3072 3368 3286 2780 3042 2936 3080 3206 3312 3530 3547 3483 3310 3063 3156 3227 3067 3343 3059 3323 3029 3148 3033 2875 3045 3240 2956 2915 3273 3231 3172 2976 3148 3195 3282 3105 3186 3339 3106 3403 3267 3378 3434 3268 3039 2767 3300 3343 3372
3058 3221 3420 2912 3083 3294 3302 3161 3158 3059 3039 3316 3135 3286 3348 3513 2925 3101 3143 2976 3180 3185 3231 3020 3353 3004 3282 3111 3181 3298 3110 3168 3492 3158 3205 3257 2992 2987 3452 3227 3053 2979 3165 3334 3130 3273 3135 2840 3270 3249 3408 3028 3484 3271 2718 2961 2937 3119 3209 3364 3581 3478 3413 3325 3292 3159 3195 3058 3293 3028 3493 3176 3270 3169 2907 2886 3200 3063 2918 3307 3286 3142 3133 3031 3303 3245 3145 3182 3195 3112 3439 3465 3498 3548 3273 3252 2727 3314 3463 3365
2823 3120 3150 2888 2835 3118 3280 3042 3166 2932 2940 3177 2909 3138 3117 3112 2920 2785 3119 2894 2755 3057 2913 2781 3206 2869 3047 3159 2901 3068 2930 3070 3149 2953 3066 2809 2775 2873 3159 3045 2788 3044 2689 3092 2911 2966 2906 2633 3199 2870 3268 2910 3080 3002 2658 2862 2791 2681 3064 3147 3251 3183 3257 3119 2947 2888 2990 2799 3118 2995 3014 2944 2971 3028 2676 2768 3039 2878 2831 3162 3021 3191 2935 2943 3163 3025 2965 3098 3071 3029 3089 3094 3316 3192 2858 2874 2646 3123 3084 3064
2694 2981 3036 2660 2817 2981 3150 2812 2868 2793 2844 2994 2963 3083 3043 2920 2782 2793 2897 2682 2793 2960 2834 2753 3070 2721 2953 2948 2965 3027 2790 3022 3197 2896 2974 2727 2737 2807 3057 2840 2807 2870 2753 3186 2777 2888 2670 2429 3016 2820 2951 2763 3162 2847 2585 2951 2841 2712 3003 3053 3196 3104 3071 2942 2932 2824 2843 2590 2959 2701 3015 3036 3075 2834 2749 2838 2796 2739 2787 3101 3056 3188 2817 2958 3002 3008 2732 2938 2782 2801 2969 3048 3166 3220 3031 2923 2508 3020 3024 2985
2803 2875 3000 2713 2777 2974 3140 2723 2964 2899 2670 3035 2911 2905 3062 3127 2883 2708 3012 2821 2766 2933 2867 2832 3102 2826 2969 2834 2982 3093 2873 3046 3121 2775 2962 2778 2716 2752 3276 2774 2763 2853 2851 3015 2799 3064 2938 2557 2988 2879 3094 2663 3018 2850 2501 2798 2668 2834 2809 3005 3170 3198 3105 3070 2891 2794 2818 2734 3063 2931 3089 2752 2967 2795 2731 2660 2769 2777 2787 2978 2997 2942 2697 2775 2957 3030 2823 2804 2957 2826 3035 3055 3022 3179 3119 2853 2442 2907 2957 3051
3003 3253 3464 2912 2984 3240 3463 2965 3214 3210 2954 3323 3156 3152 3226 3355 3159 3059 3240 3136 3090 3363 3125 3096 3404 3189 3329 3344 3271 3296 3130 3428 3447 2984 3332 3218 2942 3207 3374 3150 3079 3112 3054 3333 3169 3167 3166 2965 3183 3080 3334 2984 3337 3188 2696 3135 2865 3021 3273 3321 3565 3319 3364 3368 3082 3138 3153 3060 3296 2989 3372 3091 3155 3091 2935 2989 3082 3056 3017 3320 3307 3273 3153 3160 3325 3243 3087 3128 3341 3071 3394 3213 3608 3392 3263 3027 2868 3390 3221 3128
2783 3031 3003 2802 2812 3090 3314 2917 2875 2909 2609 3143 2995 3104 3166 3258 2856 2683 2989 2885 2850 3015 3062 2926 3258 2865 3145 2863 2911 3215 2746 3066 3383 2954 2966 2997 2769 2955 3215 2873 2792 2734 3060 3083 2968 3006 2958 2538 3075 3029 3304 2831 3193 3141 2670 2939 2853 2972 2977 3021 3262 3232 3305 3190 3081 2831 3079 2574 2963 2911 3200 3030 3005 3020 2766 2782 3076 2864 2848 2990 3050 2923 2889 2901 3190 3022 2836 2886 3040 2905 3118 3227 3153 3277 3056 3045 2724 3090 3120 3167
2857 2931 3153 2665 2812 3000 3219 2875 2952 3132 2832 3035 3059 3172 3031 3239 3015 2666 2857 2907 2948 3105 2853 2782 3105 2833 3096 2798 2918 3188 2863 3208 3217 2676 3114 2812 2556 2936 3133 2939 2886 2815 2898 2994 2760 2987 3052 2699 3033 2942 3045 2776 3197 2996 2533 2917 2703 2930 2975 3129 3243 3300 3292 3063 3070 2888 2955 2682 3138 2770 3226 3011 2989 3068 2790 2730 3096 2789 2785 2945 2986 2930 2923 2923 3134 3095 2750 3011 2983 2839 2985 2973 3182 3316 3084 2972 2623 3115 3183 3178
2829 3160 3144 2718 2983 3160 3204 3090 3047 3087 2669 3206 3292 3071 3080 3292 2914 2967 3041 3028 2950 3130 3067 2884 3164 3008 3163 3168 3038 3183 2930 3202 3281 2959 3095 2878 2808 2859 3316 2962 2895 2849 2979 3367 3021 3081 3003 2664 3065 3042 3218 2746 3157 3149 2669 2983 2871 2908 3127 3212 3400 3377 3396 2990 3096 2996 3070 2830 3178 2953 3173 2969 3268 2909 2729 2857 2949 3030 2848 3115 3182 3228 3129 3001 3258 3043 2913 2988 3164 2973 3199 3198 3335 3281 3197 3043 2636 3197 3286 3141
2528 2773 2849 2536 2633 2879 3078 2549 2545 2768 2617 2862 2835 2879 2927 3022 2725 2562 2731 2759 2812 2817 2744 2539 2979 2566 2833 2748 2891 2921 2573 2966 2983 2617 3006 2800 2548 2836 2925 2715 2675 2598 2851 2738 2797 2699 2693 2409 2959 2745 3085 2562 2920 2667 2424 2667 2533 2684 2597 2733 2955 2865 3034 2893 2897 2721 2781 2532 2742 2646 2878 2712 2871 2762 2448 2629 2715 2570 2617 2958 2730 2654 2772 2637 2926 2780 2646 2724 2788 2613 3006 3037 3078 3030 2898 2665 2433 2860 2917 2901
3112 3117 3159 2710 2936 3063 3376 2938 3118 3011 2791 3196 3081 3285 3214 3368 3142 3025 3161 2954 3073 3042 3080 2962 3336 3007 3262 3207 3067 3137 3073 3215 3200 3013 3132 2918 2830 3103 3300 3084 2947 3086 3054 3200 3023 3138 3037 2785 3252 2945 3345 2934 3330 3113 2719 2977 2889 2924 3058 3198 3333 3378 3294 3275 2974 3020 3108 3081 3123 2819 3371 3035 3076 3138 2870 2828 2948 3051 2830 3298 3112 3106 3062 3110 3189 3151 2829 3058 3210 3022 3200 3393 3404 3294 3139 2988 2788 3218 3177 3243
2790 3051 3053 2637 2828 2940 3105 2733 2999 3020 2915 3177 2937 2833 2985 3105 2921 2767 3064 2847 2762 2979 2778 2823 3161 2750 3076 2865 2799 2982 2840 3088 3087 2733 2969 2856 2660 2729 3304 2873 2796 2824 2887 3243 2843 2946 2812 2505 3015 2856 3127 2778 3178 3003 2673 2844 2691 2873 2953 3119 3178 3269 3154 2807 2896 2842 2831 2712 3074 2963 2948 2946 3030 2745 2653 2645 2889 2823 2764 3129 2906 3121 2834 3008 3106 3016 2927 2893 3007 2871 2977 2920 3144 3137 3051 3025 2523 2980 3044 2933
2696 2723 2822 2610 2575 2746 2900 2670 2810 2782 2734 2883 2684 2794 2832 2970 2607 2636 2726 2732 2582 2706 2662 2703 3054 2611 2757 2808 2594 2718 2797 2752 2859 2523 2788 2516 2483 2734 2951 2708 2516 2699 2489 2843 2520 2672 2636 2362 2736 2677 2875 2507 2998 2682 2276 2531 2585 2646 2761 2931 3066 3076 2886 2765 2738 2760 2679 2416 2773 2676 2795 2581 2864 2693 2570 2525 2797 2648 2558 2906 2628 2820 2473 2670 2813 2720 2562 2771 2830 2772 2707 2885 3001 3082 2783 2696 2262 2827 2860 2901
3070 3197 3461 2828 3088 3384 3472 3059 3176 3286 2997 3311 3185 3327 3158 3446 3230 3011 3080 3239 3066 3245 3355 3037 3271 3153 3266 3291 3215 3327 3266 3393 3577 3121 3307 3090 2964 3215 3483 3160 3118 3005 3071 3356 3109 3185 3154 2817 3286 3218 3512 3054 3303 3281 2774 3169 3082 3271 3199 3254 3597 3523 3394 3231 3226 3146 3250 2916 3510 3132 3322 3089 3236 3130 3079 2965 3197 3135 2978 3341 3228 3348 3212 3063 3427 3177 2915 3298 3305 3201 3299 3396 3320 3764 3453 3098 2592 3291 3538 3338
2653 3011 3075 2445 2787 2883 2976 2693 2705 2825 2522 2894 2791 2803 2812 2859 2889 2553 2747 2713 2512 2803 2714 2809 2827 2674 2844 2797 2742 2825 2618 2859 2933 2695 2889 2685 2556 2809 3008 2886 2641 2754 2684 2885 2682 2794 2805 2328 2916 2719 2970 2510 3005 2672 2511 2702 2689 2743 2673 2909 3049 2927 3017 2889 2802 2643 2828 2720 2958 2667 3037 2641 2744 2852 2507 2713 2797 2685 2516 2789 2785 2773 2757 2754 2904 2917 2678 2889 2834 2653 2883 2881 3014 2870 2910 2590 2522 2776 2931 2922
2820 2913 3019 2697 2759 2990 3241 2808 2920 2689 2749 3001 2840 2895 3042 3138 2832 2628 2975 2947 2663 2831 2889 2805 3096 2734 2996 2904 2894 2975 2732 3081 3127 2632 3207 2773 2689 3007 3278 2900 2636 2817 2815 3003 2822 2883 2793 2546 2790 2793 3024 2950 2951 2823 2606 2718 2592 2735 2839 3058 3099 3055 3134 2980 2893 2807 2795 2674 2933 2715 2981 2877 3057 2797 2662 2660 2683 2784 2669 3031 2791 2936 2776 2835 2936 2896 2816 2795 2925 2834 3070 3158 3249 3119 2823 2774 2572 3009 2837 3090
2848 3014 3175 2685 2727 2926 3141 2860 3051 3079 2842 2995 3003 2961 3097 3218 2936 2740 2877 2975 2942 3137 2950 2769 3168 2761 2979 2841 2858 3002 2882 3242 3314 2827 3055 2869 2597 2920 3256 2964 2864 2797 3037 3099 2871 2995 3015 2643 3033 2890 3274 2852 3099 3027 2443 2817 2966 2915 2925 3117 3229 3219 3203 3112 3040 2966 2819 2868 3243 2935 3187 2986 2928 2960 2772 2665 2855 2891 2701 3045 3073 2868 2979 2957 3105 2926 2826 3025 3060 2841 3001 3025 3291 3233 3104 2819 2583 3129 3319 3104
3081 3301 3387 2883 3152 3350 3716 3083 3327 3307 3001 3410 3260 3298 3326 3375 3355 2940 3072 3146 3119 3364 3370 3140 3376 2990 3291 3223 3257 3350 3010 3367 3530 3140 3248 3148 2868 3242 3499 3303 3116 3132 3073 3354 3340 3277 3159 2825 3468 3226 3520 3162 3304 3382 2923 3157 3059 3206 3203 3557 3500 3470 3462 3405 3087 3088 3152 3020 3367 3192 3471 3303 3287 3197 2934 3092 3229 3177 3040 3252 3270 3467 3130 3422 3527 3417 3073 3288 3227 3095 3275 3372 3355 3392 3343 3058 2988 3295 3374 3448
2968 3084 3123 2867 2949 3104 3215 2991 3104 2971 2872 3276 3181 3161 3017 3226 2901 2839 2884 3024 2784 3030 2913 2816 3256 2842 3235 3097 3055 3190 2898 3132 3216 2738 3109 2901 2713 2980 3338 3005 2792 2984 2786 3156 2836 2995 2895 2537 2926 2860 3123 2838 3200 3023 2681 2724 2909 2947 2931 3054 3250 3245 3273 3099 3052 2956 2903 2667 3108 2968 3058 3010 3053 2960 2741 2685 2895 2838 2830 3153 3022 3032 2786 2786 3219 3024 2798 2941 3050 3048 3050 3108 3333 3388 3087 3022 2606 2970 3167 2942
2879 2880 3277 2784 2891 3208 3189 2918 3155 2981 2996 3119 3090 3157 2997 3230 3096 2760 2976 2883 2883 3035 2846 2795 3212 2846 3152 2949 2901 3122 2778 2910 3019 2936 3110 3002 2628 2843 3271 3143 2968 2935 2919 2978 2740 2879 2908 2620 3069 2747 3238 2978 3115 3060 2622 2788 2837 2867 2935 3077 3195 3213 3293 3168 3015 2920 2931 2887 3244 2892 3075 3073 2947 2971 2617 2703 2939 2807 2834 3017 2998 2983 2766 2937 3108 3120 2982 2946 3092 2915 3117 2996 3269 3137 2969 2879 2722 3171 3050 3039
2971 3207 3271 2732 3007 3206 3451 2978 3035 3123 2855 3241 2934 3192 3219 3251 3130 2807 3167 2872 2949 3212 3124 3094 3288 2934 3204 3090 3098 3252 3041 3220 3394 2952 3139 2787 2929 3096 3169 3098 2927 2837 2976 3243 2915 3170 3143 2747 3239 3055 3339 2915 3244 3213 2720 3042 2744 2966 3095 3253 3303 3357 3440 3227 2901 3057 3088 2704 3170 2927 3377 2953 2986 3030 2910 2951 3097 2981 2937 3141 3108 3109 2883 3033 3342 3245 2834 3000 3074 2812 3242 3146 3335 3325 3064 3008 2818 3399 3140 3309
3011 3061 3256 2954 2938 3187 3625 3063 3379 3084 3048 3388 3173 3274 3279 3467 3197 2883 3144 3190 2909 3106 3097 3035 3449 3121 3295 3235 2998 3264 3047 3211 3289 2961 3309 2914 2789 3161 3373 3219 3008 3124 2932 3249 3144 3070 2973 2679 3161 2998 3409 3024 3365 3186 2700 3016 2921 2970 3171 3444 3361 3300 3418 3306 3145 3128 3028 2912 3300 2973 3193 3199 3254 3098 2794 2950 3073 2996 3057 3340 2960 3399 3067 3180 3325 3027 2941 3109 3388 3011 3243 3201 3551 3314 3221 3109 2988 3258 3188 3255
3221 3313 3384 2886 3140 3349 3418 3211 3398 3108 2859 3283 3246 3422 3436 3497 3205 3032 3065 3134 3220 3259 3212 3120 3405 2982 3287 3348 3180 3378 3264 3328 3497 3063 3328 3277 2867 3094 3470 3286 3015 2830 3084 3428 3109 3175 3245 2957 3329 3096 3441 3069 3404 3375 2742 3051 2792 3183 3181 3534 3478 3481 3418 3239 3115 3264 3233 3122 3308 3070 3467 3279 3192 3194 2866 3014 3081 3080 2844 3292 3282 3235 3117 3134 3260 3294 2973 3126 3366 3137 3325 3411 3431 3346 3275 3267 2898 3282 3374 3463
2701 2640 2759 2480 2393 2886 2786 2599 2705 2509 2374 2688 2765 2566 2763 2862 2718 2638 2743 2576 2662 2643 2631 2457 2942 2725 2898 2708 2684 2809 2486 2835 2829 2747 2680 2553 2454 2688 2951 2635 2623 2563 2668 2855 2707 2688 2647 2333 2821 2610 2880 2533 2809 2845 2344 2733 2476 2579 2612 2771 2958 2807 2949 2852 2782 2660 2688 2491 2901 2731 2797 2634 2783 2750 2438 2350 2600 2603 2446 2805 2778 2843 2664 2618 2894 2737 2525 2622 2742 2600 2671 2752 2890 3007 2725 2698 2392 2721 2775 2978
3021 3200 3258 2890 3032 3379 3585 3041 3122 3125 2974 3238 3087 3292 3294 3332 2923 2855 3174 3121 3116 3243 3292 3064 3354 3161 3449 3092 3041 3325 3015 3217 3478 3048 3183 3104 2916 3039 3374 3246 3107 3091 3399 3200 3026 3327 3100 2576 3315 3071 3380 3046 3287 3146 2638 3177 3032 2983 3252 3096 3459 3470 3261 3417 3307 3192 3311 3012 3326 2891 3328 3039 3176 3287 2675 3003 3090 3064 2980 3229 3230 3205 2888 3010 3195 3213 3061 3126 3100 2976 3294 3280 3439 3381 3315 2969 2842 3022 3261 3333
3064 3214 3155 2700 2987 3047 3397 3069 3105 3099 2811 3396 3157 3251 3150 3272 3061 2865 2977 3062 3105 3176 3060 3027 3244 3011 3280 3074 3014 3248 2975 3192 3556 2848 3122 3018 2951 2960 3269 3039 3043 2996 3055 3268 3011 3039 3117 2808 3248 3141 3286 2987 3282 3227 2714 3055 2869 3016 3115 3270 3331 3413 3438 3271 3067 2967 3135 2924 3239 3054 3360 3116 3215 3040 2964 2803 3123 3106 2855 3169 3183 3100 2954 3055 3235 3293 3029 3188 3072 2867 3188 3291 3360 3378 3218 2989 2609 3239 3191 3305
2829 2965 3049 2729 2674 2990 3201 2814 2836 2943 2598 2975 2806 3069 3029 2993 2910 2711 2870 2936 2847 2911 3049 2765 3120 2907 3150 3003 2722 3003 2773 3017 3114 2669 2970 2856 2595 2815 3131 2823 2676 2852 2925 3085 2875 2942 2993 2572 2990 2892 3168 2664 3185 2879 2390 2838 2693 2730 2990 2973 3203 3077 3085 3099 2858 2988 2921 2778 2949 2775 3151 2789 2825 2851 2639 2703 2799 2804 2618 2979 2933 2947 2868 2831 3141 2944 2827 2935 3105 2933 3066 2896 3149 3147 3066 2821 2787 2836 3017 3003
2999 2849 3157 2818 2879 3023 3191 2874 3043 2751 2751 3216 2992 3045 3071 3094 2886 2795 2913 2883 2846 2994 3029 2676 3130 2856 3139 3028 2935 3100 2897 3150 3404 2883 3143 2867 2746 2845 3225 2889 2870 2882 2731 3079 2900 2803 2822 2631 3118 3041 3212 2794 3181 2995 2659 2969 2806 2857 3004 3165 3223 3220 3276 3193 2921 2869 2963 2775 3035 2739 3205 3134 3115 2891 2811 2775 2863 2946 2830 3074 3122 2932 2922 2898 3124 3045 2747 2934 2981 2901 3125 3248 3307 3214 3060 3098 2560 3100 3108 3154
2810 3018 3135 2678 2942 3036 3331 2811 3086 3016 2779 3106 2955 2978 3162 3213 2744 2741 2874 2732 2833 2990 2970 2896 3275 2840 3138 2939 3041 3059 2858 2997 3354 2797 2956 2898 2855 2932 3230 2913 2828 2906 2890 3215 2968 2981 2939 2645 3016 2986 3225 2822 3114 2945 2555 2803 2758 2802 2941 3120 3204 3224 3199 3248 2928 2774 2954 2759 3001 2830 2949 3058 2959 2851 2812 2861 2905 2794 2828 3024 3066 2976 2853 3022 3146 3086 2953 2974 2940 2778 3070 3023 3352 3063 3125 3033 2543 2923 3116 2995
2993 3193 3152 2769 2892 3243 3332 2989 3099 3032 2733 3160 3079 3211 3206 3111 2847 2794 3038 2946 2771 3251 3170 2832 3234 3052 3255 3197 3173 3158 3056 3143 3395 3026 2895 2898 2886 3110 3370 2943 2849 2838 2827 3242 3060 3114 3068 2607 3155 2988 3243 2989 3231 3119 2712 2977 2851 3019 3041 3201 3264 3315 3278 3100 2950 3021 3092 2589 3149 2985 3122 2821 3078 3074 2790 2769 3092 2974 2932 2989 3125 3083 2896 2895 3269 3014 2855 3048 3051 3072 3101 3184 3351 3326 2974 3018 2751 3146 3225 3308
2818 2794 2972 2656 2784 2833 3130 2778 2912 2782 2647 3037 2746 3061 2973 3166 2813 2651 2877 2740 2673 2914 2874 2737 3046 2601 2809 3030 2889 2900 2785 2940 2971 2714 2829 2727 2499 2729 3036 2879 2797 2770 2668 2850 2662 2816 2813 2473 2914 2845 3115 2765 3003 2722 2526 2665 2674 2719 2815 2858 3158 3250 3039 2963 2849 2787 2846 2671 2886 2674 2747 2610 2705 2926 2631 2664 2910 2613 2686 2930 2765 2782 2719 2787 3003 2825 2669 2781 3053 2786 2995 3091 3151 3183 2942 2798 2526 2800 3025 3032
2963 3377 3313 2801 3014 3215 3302 3207 3276 3161 3061 3285 3124 3323 3253 3423 3120 2999 3176 2905 2974 3191 3115 3259 3415 2990 3219 3124 2971 3219 2962 3262 3344 3006 3138 3063 2941 3208 3340 3206 2967 2897 3181 3347 2890 3264 2988 2825 3317 3025 3342 3261 3407 3334 2786 2994 2979 2955 3223 3300 3430 3399 3395 3228 3202 2951 3181 2893 3243 2794 3350 3111 3209 3253 2879 3036 3081 2944 2917 3245 3068 3206 2914 3087 3117 3167 2932 3192 3169 2916 3228 3224 3393 3370 3144 3039 2800 3306 3266 3306
2759 2913 3116 2777 2920 3126 3201 2830 2912 2867 2812 3111 3030 3102 3118 3098 2913 2686 2969 2735 2857 3049 2895 2761 3110 2853 3208 2761 2959 3106 2819 2942 3034 2802 3026 2923 2730 2894 3103 2837 2804 2914 2830 2980 2901 2970 2972 2449 2968 2826 3208 2760 3285 2960 2458 2857 2688 2774 3126 3062 3070 3224 3153 3166 2871 2871 2851 2748 3167 2850 3048 2839 2837 2945 2507 2695 2972 2656 2726 3132 3090 2897 2746 2916 3084 3032 2897 2826 3008 2761 3137 2903 3120 3123 2938 2811 2681 3020 3006 3111
2869 2899 3099 2567 2847 3085 3223 2795 2928 2974 2603 2962 2847 3024 3008 2986 2927 2648 2867 2939 2755 3044 3017 2903 2987 2963 3008 3026 2869 2994 3022 3080 3341 2783 2925 2813 2958 2998 3150 2889 2977 2697 2804 3138 2875 2997 2987 2502 2846 2790 3131 2762 3052 3072 2561 2925 2694 2981 3088 3147 3170 3088 3080 3016 2866 2826 2894 2549 3020 2818 3048 2725 2944 2987 2755 2762 2995 2817 2732 3010 2813 2999 2840 2770 3017 3096 2847 3027 3019 2869 3146 3061 3073 3314 3034 2842 2688 3090 3064 3167
2876 3045 3048 2755 2846 3076 3278 2854 2941 2926 2817 3125 3079 3077 2949 3154 2916 2492 3017 3070 2696 2917 2881 3022 3149 2721 3052 2854 2961 3047 2848 3173 3115 2758 3105 2836 2706 2982 3214 2876 2690 2786 2742 2971 2807 3046 2900 2489 3015 2950 3187 2725 2974 2967 2664 2876 2694 2950 2919 3051 3264 3316 3228 2951 3000 2841 2911 2750 3033 2810 2950 2721 3008 2904 2546 2718 2979 2747 2659 2899 2969 2806 2734 2835 3086 2906 2869 2778 3066 2838 3094 2969 3288 3148 2929 3002 2544 2889 3022 3192
2791 3192 3222 2678 3020 3068 3300 2877 2982 3047 2940 3208 2944 3127 3094 3160 3002 2838 2994 2975 2936 2990 2998 3001 3114 2774 3009 3098 2955 3102 2855 3116 3336 2833 3134 3044 2821 2913 3192 3053 3034 2884 3021 3310 3007 3045 3039 2669 3077 3004 3223 2918 3283 3048 2645 2901 2720 2907 3047 3061 3452 3396 3283 3087 3024 2873 2954 2789 3053 2908 3122 3026 3067 2854 2834 3008 3024 2830 2804 3240 2954 3109 2980 3058 3146 3166 2973 3045 3103 2866 3228 3204 3248 3240 3183 2884 2640 3096 3242 3132
2992 3079 3338 2896 3068 3455 3579 3080 3120 3150 2836 3400 3048 3187 3396 3316 3257 2827 3148 3066 3004 3250 3165 3212 3305 3163 3278 3335 3208 3261 3124 3281 3382 3205 3218 2967 2993 3135 3332 3104 3094 3120 3124 3383 3187 3260 3058 2688 3365 3139 3302 3047 3242 3253 2895 3219 2887 2927 3132 3223 3649 3465 3388 3438 3135 3021 3236 2813 3369 3063 3287 3095 3269 3164 2937 3068 3097 3084 3200 3354 3205 3377 2994 3188 3387 3336 3008 3171 3248 3120 3250 3350 3547 3390 3231 2936 2897 3206 3328 3363
3165 3424 3448 3026 3244 3355 3587 3102 3297 3164 3197 3365 3259 3416 3393 3392 3309 2961 3366 3203 2996 3309 3243 3305 3425 3024 3402 3214 3360 3304 3158 3318 3367 3205 3283 3147 2798 3319 3486 3334 3232 3219 3179 3268 3190 3318 3272 2671 3324 3193 3424 3126 3527 3423 2862 3104 3054 3106 3193 3335 3658 3696 3594 3494 3270 3119 3170 3131 3440 3208 3420 3090 3177 3230 2927 2929 3283 3023 3125 3305 3350 3308 3122 3168 3486 3269 3162 3059 3411 3185 3398 3413 3375 3488 3357 2954 2885 3398 3364 3446
2763 2929 2987 2618 2879 2915 3200 2611 2815 2880 2696 2934 2820 2838 2855 3121 2811 2594 2845 2747 2660 2884 2850 2996 3109 2749 2865 2856 2805 2929 2773 2880 3198 2710 2904 2703 2604 2914 3222 2875 2597 2667 2805 2969 2766 2831 2756 2435 2965 2849 3133 2760 3046 2872 2452 2810 2573 2925 2793 2969 3096 3010 3055 2960 2896 2847 2934 2552 2931 2618 2973 2845 2778 2763 2773 2665 2841 2784 2647 2877 2958 2886 2740 2799 3139 2840 2567 2749 2907 2762 2866 2948 3170 3115 2861 2870 2448 2968 2975 2985
2732 2849 2836 2384 2606 2867 3033 2502 2845 2731 2571 2858 2942 2760 2951 2992 2813 2704 2890 2653 2821 2550 2729 2664 3093 2781 2937 2770 2611 2922 2675 2847 2769 2653 2835 2760 2386 2521 2941 2852 2704 2579 2803 3042 2732 2784 2761 2340 2839 2770 3022 2682 3011 2839 2404 2626 2412 2692 2586 2862 2941 3077 2919 2855 2713 2764 2792 2690 3079 2677 2874 2822 2823 2725 2407 2412 2696 2619 2621 2799 2828 2858 2778 2817 2957 2857 2758 2618 2875 2691 2709 2841 2975 2799 2878 2582 2470 2823 2789 2905
3047 3337 3367 3048 3198 3269 3721 3218 3251 3333 2952 3471 3153 3359 3401 3311 3174 3029 3137 3133 3223 3250 3210 3182 3443 3082 3342 3181 3206 3357 3097 3265 3666 2970 3341 3344 3137 3257 3488 3080 2971 3232 3191 3361 3181 3182 3213 2829 3374 3143 3439 3187 3376 3127 2851 3109 2960 3187 3308 3331 3479 3417 3473 3575 3201 3008 3301 3095 3245 3047 3492 3197 3284 3128 3054 3097 3071 3188 2875 3434 3283 3180 3038 3181 3411 3416 3196 3298 3147 3162 3376 3470 3498 3496 3302 3151 2733 3195 3253 3472
2912 3024 3203 2756 2860 3086 3252 2794 2990 2868 2923 3147 3043 3095 3158 3164 3036 2706 3047 3068 2782 3014 2976 2931 3166 2635 2916 3010 3050 3080 2958 3170 3161 2926 3072 2832 2714 2867 3253 3069 2950 2845 2875 3037 2886 3125 2955 2529 3196 3082 3116 2890 3106 2970 2626 2892 2859 2914 2917 3060 3323 3268 3227 3144 3077 2819 2794 2797 3108 2792 3115 2936 3033 3024 2695 2806 2911 2781 2859 2961 3069 3010 2935 3024 3097 3158 2880 2775 3036 2895 3161 2977 3130 3162 3043 2935 2675 3152 3141 3060
2944 3300 3435 2846 3147 3367 3325 3067 3182 3199 3030 3256 3177 3194 3315 3353 3170 3064 3242 2934 3128 3283 3191 3013 3402 3117 3310 3254 3147 3247 3035 3229 3418 3243 3222 3220 2855 2982 3433 3230 3234 3121 3145 3457 3099 3304 3170 2933 3416 3070 3482 3026 3453 3298 2918 3092 2857 3047 3039 3368 3553 3481 3425 3408 3084 3153 3192 3118 3313 3114 3458 3187 3154 3100 2876 2951 3182 3062 2991 3342 3315 3348 3122 3100 3367 3208 3130 3186 3283 3104 3351 3318 3446 3363 3198 2978 2958 3332 3374 3356
2811 2957 3245 2585 2839 3109 3355 2870 2835 2928 2666 3024 2937 3160 3039 3047 2997 2681 3059 2989 2788 3158 2963 2671 3057 2653 3111 2982 3010 2957 3013 3032 3165 2817 3143 2966 2634 2720 3102 3076 2782 2885 2782 3150 2845 3048 3127 2619 2931 2757 3024 2654 3173 3132 2496 2730 2680 2949 2951 3064 3286 3163 3112 2982 2829 2923 2986 2833 3235 2930 3271 2811 2974 2803 2698 2714 2932 2789 2902 2986 3032 2921 2753 2815 2958 3066 2960 2989 3156 2973 3008 2967 3119 3280 3002 2741 2665 3119 3245 2951
2730 2790 2895 2698 2696 3060 3062 2826 2973 2911 2717 2900 2964 3039 3012 3166 2861 2594 2802 2862 2730 2866 3066 2920 3059 2902 3061 2921 3013 3021 2896 3116 3157 2720 2962 2719 2637 2757 2986 2798 2719 2740 2669 2957 2889 3009 2921 2622 2966 2917 3261 2731 3075 3005 2498 2839 2649 2761 2912 3068 3210 3236 3167 2964 2854 2759 2807 2759 3031 2854 3077 2869 2881 2950 2600 2763 2894 2670 2518 2983 2948 2994 3013 2771 3079 2858 2860 2893 3028 2859 2979 2951 3168 3096 2934 2943 2596 2971 3116 3060
2943 3074 3295 2793 3021 3126 3390 3058 3108 3237 2847 3312 3170 3247 3250 3410 3101 2783 3035 2975 2922 3192 3188 3057 3286 2836 3214 3130 3212 3008 2955 3096 3410 2987 3201 2983 2810 3050 3329 3112 3079 2880 2929 3189 3093 3118 3088 2792 3118 3070 3271 2919 3286 3100 2690 2981 2898 3164 3072 3119 3512 3340 3453 3258 3195 2910 3154 2974 3364 3023 3233 3030 3259 3072 2912 2992 3254 2990 3079 3129 3259 3242 3097 3144 3248 3161 3013 3209 3212 2972 3358 3257 3303 3464 3339 3083 2787 3197 3366 3127
2804 3004 3123 2684 2747 2974 3156 2791 3119 2764 2790 3199 3100 2924 3058 3256 2846 2807 2938 3079 2832 2866 2930 2918 3161 2903 3091 2846 2896 3245 2965 3019 3139 2744 3026 2972 2829 2890 3148 2977 2768 2781 2948 3089 2880 2976 2918 2654 3087 2967 3216 2894 3086 3083 2433 3022 2742 2783 3158 3117 3068 3314 3199 3065 2965 2935 2806 2795 3116 2784 3163 2980 3004 2903 2473 2636 2790 2924 2817 3069 3154 3075 2888 2998 3019 2969 2710 2771 3079 2818 3109 2958 3166 3020 2993 2866 2602 3074 3056 3171
3092 3192 3342 2948 3044 3286 3391 3088 3026 3014 3006 3386 3223 3147 3349 3419 3200 3029 3358 3019 2998 3112 3259 3116 3389 2918 3420 3144 3143 3307 3085 3231 3261 3068 3185 3047 2895 3052 3499 3206 3167 3110 3238 3354 3191 3244 3100 2759 3266 3152 3355 2999 3532 3124 2813 2918 2938 3040 3156 3242 3550 3469 3517 3359 3165 3152 3203 2995 3417 3154 3422 3071 3305 3152 2863 2842 3166 3046 3028 3339 3187 3160 3059 3170 3331 3221 3122 3196 3317 3134 3195 3224 3459 3390 3211 3084 2944 3308 3339 3412
2969 3226 3420 2933 2922 3347 3449 3081 3099 3028 3034 3474 3144 3252 3424 3468 2980 3030 3256 3191 3020 3395 3174 3055 3373 3020 3302 3168 3256 3412 3067 3303 3453 3188 3288 3134 3006 3276 3501 3253 3044 3097 3239 3166 3169 3203 3115 2772 3532 3231 3326 3093 3329 3145 2812 3190 3065 2938 3220 3297 3489 3576 3408 3388 3224 3171 3201 3022 3187 3116 3354 3402 3374 3148 2948 2978 2973 3162 2964 3406 3225 3395 3178 3218 3425 3314 3033 3132 3038 3094 3386 3365 3472 3422 3273 2996 2866 3340 3372 3240
2992 3058 3128 2826 2934 3270 3308 2927 3080 2842 2883 3008 2959 3144 3126 3166 2913 2781 3011 3006 2883 3070 3086 2974 3262 2846 3048 2988 3043 3197 3005 3278 3205 3043 3138 2967 2773 2951 3229 2940 2893 2930 2875 3061 2894 3078 2990 2690 3046 2985 3286 2877 3098 3190 2626 2831 2905 3006 2922 3211 3368 3232 3237 3135 2963 3048 2922 2915 3217 3053 3214 2995 3012 2903 2747 2756 2861 2900 2741 3103 3029 2958 2901 2809 3161 3063 2957 2895 3133 3070 3122 3236 3169 3310 3017 2945 2459 3231 3148 3164
3030 2967 3175 2970 2980 3380 3329 2863 3086 3153 2892 3132 3086 3168 3099 3178 3049 2839 3175 2823 2964 3139 3070 2865 3299 2893 3213 3281 2995 3089 2913 3129 3277 2862 3112 3029 2652 2930 3239 3006 2916 3037 2960 3226 3033 3086 3052 2706 3180 3074 3240 2970 3307 3178 2659 2985 2750 2975 2930 3119 3397 3394 3346 3156 2964 2985 3093 2726 3077 2955 3235 3000 3065 3030 2812 2725 3013 2864 2959 3101 3070 3083 2774 3070 3343 3265 2999 2996 3131 3092 3064 3201 3413 3313 3078 2929 2736 3162 3140 3187
3056 2894 3143 2711 2951 3142 3214 2978 3157 3037 2886 3225 3028 3012 3007 3287 2995 2867 3014 3140 2828 3008 2925 2844 3289 2956 3232 3021 3052 3184 2915 3056 3114 2944 2943 3001 2897 2970 3259 3060 2917 2913 2893 3049 2873 3050 2982 2579 3145 2901 3197 2859 3327 3107 2592 2849 2868 3022 3009 2986 3263 3411 3339 3089 3145 3108 3036 2714 3187 2976 3183 2830 3116 2976 2700 2669 3054 2849 2975 3066 3141 2887 2883 2928 2997 3164 2917 3066 3126 2962 3201 3273 3248 3229 3149 3000 2483 3022 3185 3150
2739 3169 3064 2760 2724 3057 3206 2883 2944 2720 2680 3023 2882 2926 3042 3122 2854 2798 2845 2779 2761 2915 2977 2736 3209 2778 3002 2877 2869 3074 2791 3113 3129 2754 2899 2855 2804 2916 3143 2872 2865 2795 2838 2980 2915 2914 3022 2498 2954 2979 3149 2906 3002 3068 2545 2756 2765 2764 2822 3066 3263 3109 3201 3054 2903 2784 2648 2667 3101 2753 3018 3007 2965 2990 2649 2666 2633 2737 2716 2955 2928 2986 2754 2760 2913 2917 2851 2888 2813 2727 3063 2996 3097 3182 2876 2796 2565 3063 3053 3045
2882 3048 2981 2788 2819 2960 3128 2786 2911 2812 2659 3123 2814 2950 2930 3094 2929 2728 2737 2781 2780 2928 2985 2825 3077 2701 3035 2921 2849 3050 2723 2992 3191 2630 2982 2834 2562 2872 2968 2921 2860 2765 2750 3022 2797 2761 2798 2771 2918 2956 3258 2866 3074 2989 2604 2771 2606 2821 2934 3033 3222 3208 3245 3111 2892 2750 2840 2649 2940 2850 3047 2909 2879 2780 2666 2630 2854 2921 2767 2934 2978 2969 2694 2724 3230 3056 2552 2828 2961 2758 2910 3020 3020 3254 2940 2852 2594 3164 2943 3128
3028 3025 3278 2926 3038 3218 3228 2996 3202 3148 2953 3099 3009 3108 3046 3399 3023 2887 2950 3054 2949 3121 3081 2977 3327 3041 3196 3095 3005 3111 2970 3111 3334 2877 3141 2888 2918 3151 3459 2964 2940 3038 2997 3109 2874 3042 3044 2783 3151 2911 3226 2816 3089 3060 2670 2992 2844 3031 3006 3258 3452 3348 3306 3123 3133 3167 3068 2861 3167 2900 3192 2897 3149 2977 2911 2939 3083 2978 2792 3195 3110 3139 2879 2978 3181 3116 2944 3204 3192 2997 3201 3267 3446 3325 3241 3189 2508 3052 3217 3229
2977 3163 3103 2826 2737 3013 3343 2916 3234 3154 2839 3300 3094 3017 3073 3240 2882 2837 3021 2998 2960 3134 2904 2818 3178 2938 3251 2975 2967 3219 3078 3214 3372 2709 3146 3041 2740 2844 3184 2939 2815 2827 2955 3097 2815 3161 3177 2815 3002 2992 3239 2833 3028 2956 2477 2982 2724 2959 3285 3158 3175 3426 3162 3108 2974 3037 3014 2918 3161 2809 3132 2795 2967 2907 2783 2834 3047 2892 2754 3081 3046 3085 2904 3098 3033 3203 2988 2952 3100 3018 3140 3202 3088 3171 3229 2958 2582 3103 3122 3090
2846 3194 3233 2926 3069 3337 3434 3078 2946 3160 2806 3240 3272 3092 3139 3305 3062 2970 3117 3049 2869 3181 3167 3098 3245 2885 3278 3174 3169 3328 3067 3168 3444 2911 3203 3132 2835 3190 3250 3069 2957 3042 3065 3197 3043 3046 3103 2753 3134 3149 3307 2957 3385 3054 2775 3037 2880 2939 3142 3241 3432 3458 3316 3271 2995 3084 3136 2854 3104 3035 3256 3115 2977 3011 2778 2777 2873 2927 2857 3181 3081 3092 3154 2982 3335 3248 3022 3032 3098 3183 3235 3309 3315 3360 3110 2836 2719 3221 3287 3223
2730 2760 2934 2434 2568 2874 2921 2715 2811 2713 2482 2896 2782 2775 2708 3009 2961 2575 2933 2816 2630 2863 2746 2717 2969 2690 2815 2861 2826 2929 2800 2984 3011 2653 2822 2614 2630 2853 2987 2729 2738 2649 2780 2803 2619 2734 2676 2427 2737 2609 2916 2622 2950 3025 2386 2846 2449 2633 2863 2853 3029 3133 2952 2863 2700 2855 2759 2353 2969 2628 2919 2889 2849 2765 2611 2499 2676 2646 2766 2997 2749 2896 2662 2721 2824 2735 2622 2716 2901 2765 2991 2905 2930 3028 2796 2612 2404 3066 2977 2725
3100 3282 3532 2862 3063 3249 3585 3287 3275 3271 2917 3371 3268 3287 3285 3441 3291 2836 3138 3315 3020 3390 3245 2996 3254 2986 3345 3200 2996 3334 2990 3442 3543 3108 3242 3012 2986 3209 3463 3051 3029 3123 3263 3412 3203 3168 3206 2727 3483 3176 3434 3215 3237 3258 2753 3233 3057 3091 3252 3336 3547 3471 3446 3315 3218 3162 3182 3010 3497 3044 3359 3136 3270 3291 2930 2863 2993 3089 2993 3355 3222 3270 3049 3144 3357 3248 3057 3282 3179 3019 3365 3358 3533 3666 3181 3083 2762 3239 3502 3472
2713 2621 2875 2522 2593 2721 3061 2550 2920 2618 2554 2871 2825 2869 2795 2915 2738 2419 2746 2782 2512 2657 2752 2680 2894 2701 2915 2624 2749 2991 2599 2876 2989 2530 2750 2674 2478 2630 2986 2667 2548 2717 2600 2889 2565 2753 2763 2375 2817 2890 2898 2647 2969 2740 2358 2780 2546 2562 2817 2883 3025 2973 2930 2946 2709 2654 2654 2471 2785 2540 2845 2781 2739 2705 2549 2419 2612 2598 2626 2804 2891 2829 2568 2669 2896 2819 2600 2615 2849 2720 2829 2857 3002 2968 2822 2765 2328 2799 2807 2835
2811 2836 3123 2693 2696 2973 2954 2738 2918 2964 2804 3068 3061 2776 2971 3174 2895 2761 2956 2750 2765 2948 2851 2704 2878 2749 3029 2863 2863 3101 2784 2983 2984 2760 2887 2723 2698 2835 3125 2836 2758 2812 2787 2974 2797 2775 2862 2558 2953 2933 3073 2737 3059 2870 2513 2865 2622 2730 2908 2957 2893 3322 3120 3020 2755 2695 2813 2706 3062 2800 2994 2964 2812 2853 2575 2529 2879 2755 2768 3096 2879 3060 2719 3000 3089 3072 2791 2684 2958 2868 3024 2881 3092 3171 2900 2870 2453 3027 3061 2936
