100
3006 3250 3354 3355 3305 3197 3604 3367 3492 3031 3257 3325 3021 3030 3262 2993 3320 3106 3119 2902 3098 3222 3124 3119 3239 3217 3361 3277 3600 3347 3253 3236 3054 3526 3236 2985 3490 3148 3108 2952 3463 3379 3478 3193 3410 3171 3295 3399 2861 3037 3326 3198 3186 3294 3216 3193 3263 3605 3259 3223 3212 3179 3088 3423 3164 3323 3177 2878 3270 3423 3305 2967 3354 3462 3327 3080 3047 3379 3169 2962 3320 3402 3188 3058 2897 3207 3024 3383 2889 3246 3113 3324 2865 3241 3261 3598 3349 3166 3185 3446
3049 3118 3248 3165 3250 3151 3543 3080 3184 2866 3238 3262 3000 3075 2966 2774 3107 3050 2913 2927 2922 3127 3075 2886 3045 2972 3236 3017 3485 3063 3157 3150 2938 3204 3016 2855 3348 3034 2886 2593 3207 3145 3445 2926 3118 2949 3127 3000 2732 3045 3228 2981 3147 3202 3201 3246 3105 3596 3015 2984 2863 2937 3117 3277 3018 3260 2998 2852 3137 3285 2994 2996 3103 3432 3163 3104 3020 3259 2885 3048 2917 3241 3018 2975 2761 3013 2824 3156 2853 3105 2984 3318 2802 3101 3121 3482 3144 3140 3207 3264
3158 3231 3282 3072 3378 3101 3682 3151 3172 2724 3163 3338 3134 2806 3265 2821 3195 3264 3023 2951 3096 3212 3086 2930 3226 3277 3217 3216 3357 3121 3185 3139 3040 3420 3098 2903 3485 3287 2993 2971 3316 3074 3479 3000 3157 3225 3173 3212 2825 2979 3382 2871 3197 3362 3168 3258 3148 3523 3173 3143 3027 3124 3177 3312 3179 3217 3230 2974 3272 3456 3176 2959 3319 3342 3267 3041 2938 3220 2930 3168 3011 3176 3111 2831 2744 3115 3088 3115 3088 3167 3067 3472 2828 3157 2951 3620 3178 3073 3063 3318
2967 3220 3002 3138 3181 3065 3437 3090 3273 2934 3119 3160 3322 3040 3055 2744 3510 3006 3153 2838 3045 3032 2939 3046 3138 2985 3336 2971 3428 3114 3112 3039 3061 3273 3052 2834 3191 3192 2760 2857 3335 3127 3340 2940 3356 3170 3022 3052 2817 2999 3168 2970 3004 3247 3101 3163 3117 3295 3088 2971 2845 3037 3191 3191 3050 3239 2936 2891 3107 3306 3106 2826 3213 3263 3087 2932 2879 3339 3164 3110 2872 3150 3044 2915 2743 2837 2836 3155 2945 3026 3046 3124 2758 2843 2928 3471 3101 3088 3020 3396
3079 3270 3042 3182 3219 3185 3630 3279 3255 2828 3147 3227 3097 2832 3137 2892 3361 3166 3098 2983 3010 3113 3132 2880 3062 3227 3304 3111 3562 3136 3148 3173 3124 3415 3137 3075 3315 3142 3026 2972 3367 3044 3414 2946 3202 3028 3009 3106 2838 2908 3311 3168 3072 3250 3201 3316 3150 3356 3095 2919 3069 3252 3193 3187 3080 3256 3016 2960 3268 3411 3333 2823 3364 3404 3122 3054 3032 3428 3053 3030 2939 3327 3008 2817 2697 3130 3123 3176 3054 3047 3174 3181 2829 3225 2876 3504 3112 3156 3052 3335
2919 2994 3037 3099 3079 2914 3243 3004 3234 2612 3282 3080 3300 2920 3164 2824 3251 2954 3011 2835 2992 3085 2998 2660 3124 2979 3159 3068 3254 3056 3148 2989 2836 3155 2930 2736 3264 3113 2867 2790 3233 2929 3262 2926 2960 3043 3099 2979 2615 2945 3259 2850 2855 3137 2944 3167 2958 3476 2951 2939 3032 2878 2894 3192 3154 3109 2835 2885 2953 3258 2985 2914 3172 3256 3131 3020 2884 3296 2784 3044 3003 3150 3009 2757 2856 2872 2955 3067 2991 2879 2950 3239 2762 2736 2808 3381 3165 3013 2885 3174
2760 2757 2912 2979 2873 2779 3097 2870 2902 2628 2993 2850 2838 2679 2806 2596 3012 2632 2832 2747 2732 2825 2838 2631 2745 2848 3027 2685 3220 2630 2862 2643 2698 2898 2805 2668 3024 2850 2725 2525 3068 2683 3180 2661 2780 2766 2941 2857 2525 2597 3067 2820 2844 3077 2912 2841 2733 3135 2684 2592 2724 2697 2659 2991 2742 2967 2619 2660 2798 2892 2729 2471 3016 2823 2874 2792 2766 2907 2655 2941 2726 3044 2732 2609 2489 2661 2687 2898 2753 2789 2659 2990 2605 2677 2595 3188 2856 2795 2772 2988
2948 3135 2963 3002 3045 3002 3310 3035 3296 2699 3163 3101 2866 2815 3012 2768 3249 2893 2949 2691 2956 3043 3048 2848 2997 3045 3056 3187 3383 3031 3080 2966 3035 3183 2990 2825 3374 3121 2869 2843 3152 3001 3320 2970 3030 2899 3086 2896 2709 2982 3276 2994 2997 3132 3110 3031 3122 3372 2811 2933 3023 3042 3062 3094 2972 3193 2911 2936 3054 3153 3220 2858 3223 3250 2905 2876 2963 3322 2854 2852 2891 3032 2984 2872 2636 2896 2930 3073 2936 2988 3095 2965 2803 2985 2761 3358 3107 3110 3038 3114
2847 3015 2967 2912 3132 2859 3210 2910 2926 2577 2917 2918 2769 2846 2954 2472 3016 2890 2699 2629 2963 2782 2842 2767 2989 2762 2792 2861 3000 2743 2880 2869 2700 3032 2709 2764 3124 3054 2776 2717 3112 2904 3091 2741 3033 2822 2995 2929 2602 2760 2910 2810 2879 2893 2831 3022 2971 3119 3024 2813 2759 2825 2734 3022 2738 2942 2934 2618 2921 3018 2769 2534 2946 3181 2908 2833 2739 3008 2710 2777 2877 3173 3073 2872 2681 2694 2726 2882 2723 2920 2829 3129 2467 2926 2884 3308 2894 3032 2973 3117
2779 2894 3005 2860 2928 2901 3239 2930 3220 2718 2935 3048 3007 2830 3004 2647 3020 2889 2769 2761 2890 2972 2877 2803 2974 2886 3120 2917 3206 2941 3053 2936 2754 2943 2886 2897 3223 2914 2600 2710 2921 2764 3242 2761 2994 2915 2911 2957 2626 2725 3047 2906 2801 3043 3105 3078 2935 3245 2793 2827 2998 2870 3076 3104 2993 3058 2842 2776 3006 3107 2987 2793 2912 3117 2833 2846 2818 3247 2785 2728 2786 2997 3029 2772 2518 2735 2666 3027 2727 2804 2993 2871 2704 2907 2747 3272 2996 2983 2689 3002
2909 3117 3096 3084 3047 2977 3381 3144 3272 2761 3066 3105 3041 3016 3108 2742 3182 3116 2928 2876 3005 3149 3016 2919 3100 2849 3033 2989 3267 3004 2992 3128 2957 3124 2819 2781 3186 2964 2825 2778 3282 3046 3358 3000 3087 2964 2980 2979 2770 2743 3249 2775 3017 3033 3117 3151 3026 3506 2971 2942 2838 2876 3043 3195 3035 3103 2977 2849 3046 3201 2961 2623 3202 3263 3124 2985 2845 3205 2833 2832 3034 2996 3092 2800 2793 3020 2878 3329 2793 2994 2969 3175 2597 3016 2866 3437 2972 2969 3125 3188
3149 3044 3156 3091 3104 3093 3454 3038 3271 2871 3128 2989 3176 2972 3079 2734 3229 2951 2997 2955 3111 3142 3056 2922 3257 3019 3159 3025 3275 3041 3056 3003 2953 3247 3047 2889 3327 3182 2926 2671 3327 3126 3370 2953 3096 3148 3134 3217 2688 2940 3229 2917 2964 3194 3122 3190 3074 3463 3028 2907 2992 2959 2980 3154 3171 3181 3155 2987 2960 3289 2956 2686 3188 3343 3135 3040 3015 3258 2861 2953 2956 3246 3141 2976 2724 2969 2930 3315 2889 3083 2869 3193 2709 3091 3152 3564 3040 3139 3168 3206
2708 2924 2878 2904 2962 2828 3146 2885 3037 2473 2880 3037 2821 2644 2717 2651 2779 2794 2704 2522 2779 2793 2835 2500 2765 2906 2887 2916 3103 2879 2846 2855 2810 3120 2658 2590 3052 2905 2613 2539 2807 2882 3170 2624 2847 2727 2914 2667 2628 2539 2981 2512 2641 2951 2863 2803 2980 3226 2692 2712 2702 2611 2864 2931 2745 3003 2769 2797 2837 2903 2761 2653 2937 2906 2851 2751 2505 3050 2734 2749 2803 2678 2670 2756 2479 2618 2731 3019 2676 2609 2892 2866 2541 2630 2739 2995 2962 2812 2760 2932
2723 2727 2841 2809 2910 2760 3017 2852 3041 2553 2937 2767 2847 2703 2850 2692 3105 2768 2709 2486 2771 2773 2842 2682 2867 2774 2906 2602 3150 2714 2836 2946 2615 2831 2750 2597 2886 2880 2756 2635 3196 2703 2865 2662 2811 2833 2879 2997 2483 2627 2895 2633 2827 2818 2798 2876 2753 3076 2623 2720 2760 2844 2885 2937 2850 2816 2769 2639 2708 2985 2826 2591 3034 3189 2817 2685 2842 3101 2719 2659 2841 2923 2721 2554 2536 2713 2590 2997 2737 2842 2663 2944 2398 2848 2779 3231 2839 2753 2821 3061
3002 3108 3018 3186 3085 3159 3358 3187 3214 2789 3216 3110 3121 2941 3135 2848 3253 3155 2889 2825 3055 2895 3161 2773 3222 3003 3107 3057 3478 3077 3106 3055 2994 3230 3049 2825 3324 3107 2815 2951 3420 3021 3376 2850 3082 3044 3260 3246 2797 2939 3293 3011 2859 3328 3011 3070 3210 3360 3021 3025 3041 2960 3081 3239 2959 3200 3063 2880 3152 3157 3101 2864 3146 3361 3016 2977 2869 3381 2954 3068 2962 3143 2944 2949 2946 2810 2826 3182 2806 3023 2953 3052 2693 2905 2949 3446 3186 3221 3032 3328
2691 2855 2963 2886 3000 2730 3056 2856 2969 2649 2924 3019 2877 2827 2920 2696 3014 2791 2742 2562 2872 2934 2939 2727 3099 2900 2771 2852 3240 2891 2864 2793 2745 3151 2699 2785 3104 3019 2787 2779 3231 2896 3070 2668 2824 2860 2889 2819 2508 2614 3072 2555 2858 2887 2935 2925 2833 3069 2761 2827 2702 2706 2797 3057 2709 2908 2769 2694 2830 3047 2865 2621 2963 3270 2863 2777 2892 3078 2676 2741 2896 2866 2932 2639 2640 2619 2833 3037 2639 2887 2932 2882 2498 2902 2732 3181 2930 2768 2986 3094
2905 2869 2854 2976 2814 2872 3311 2894 3079 2542 2965 2962 3142 2915 2940 2652 3065 2749 2832 2527 3073 3067 2831 2777 2986 2860 3068 2959 3146 2791 2930 3010 2853 3077 2782 2767 3192 3037 2738 2611 3079 2879 3267 2829 2974 2809 2917 2860 2567 2717 3063 2772 2812 3030 2870 3120 2862 3210 2754 2675 2634 2754 2954 3112 2866 3038 2893 2757 2858 3060 2861 2701 2936 3181 2890 2769 2869 3071 2721 2773 2866 2970 2953 2680 2692 2695 2758 2996 2740 2819 2785 3010 2606 2778 2937 3328 2968 2882 2809 3271
2740 3020 3133 2984 2922 2758 3303 2973 3028 2724 2904 3009 3047 2907 3091 2642 3016 2981 2803 2761 3127 2755 3029 2706 3066 2978 3156 2816 3227 2928 3060 2967 2615 3069 2915 2909 3151 2989 2887 2680 3244 3029 3166 2893 2805 3025 2814 2853 2688 2809 3156 2803 2776 3025 3011 2881 3154 3258 2825 2807 2964 2834 2920 3041 2842 2922 2910 2735 2805 3141 2965 2709 2933 2981 3035 2957 2724 3021 2875 2892 2905 3114 3062 2759 2563 2848 2978 2930 2688 3022 2833 3155 2471 2895 2925 3348 2855 3042 2808 3129
2833 3131 2808 2869 2814 2764 3117 2972 2993 2656 3018 2959 2853 2684 2700 2430 2955 2769 2762 2775 3052 2689 2623 2650 2854 2842 2752 2815 3140 2918 2914 2752 2806 3048 2763 2588 2948 2875 2796 2537 3144 2855 3107 2840 2841 2864 2925 2830 2491 2753 3041 2739 2801 2966 2822 2851 2872 3156 2810 2645 2818 2815 2875 2880 2726 3056 2656 2699 2650 2965 2975 2599 3098 3122 2838 2727 2688 2977 2685 2769 2593 2931 2866 2664 2368 2662 2698 2844 2804 2850 2728 2926 2469 2668 2673 3114 2877 2787 2883 3040
2922 2912 2975 2794 3025 2706 3199 2941 2941 2566 3109 2908 3015 2868 2914 2678 3093 2878 2960 2731 2893 3040 2876 2768 2784 2847 3024 3021 3235 2903 3076 2909 2825 3198 2834 2799 3159 3062 2734 2724 3076 2826 3218 2877 2965 2847 3036 2902 2631 2754 3203 2674 2819 2998 2788 3009 2866 3367 2890 2840 2690 2925 2936 3034 2918 3066 2800 2828 3035 3129 2801 2717 3235 3221 2847 2665 2881 3016 2730 3036 2818 3011 2937 2655 2600 2790 2777 2986 2760 2859 2921 3094 2696 2850 2804 3241 3026 2871 3014 3197
2505 2685 2636 2698 2776 2656 3058 2789 2822 2371 2626 2800 2711 2468 2709 2462 2939 2657 2583 2380 2377 2701 2658 2685 2620 2631 2797 2732 3065 2751 2619 2723 2518 2825 2708 2433 2916 2622 2541 2610 3050 2751 2844 2546 2763 2707 2605 2631 2455 2489 2826 2536 2700 2717 2648 2673 2716 3135 2677 2632 2385 2657 2751 2837 2623 2919 2540 2485 2864 2883 2640 2396 2871 2788 2726 2554 2444 2995 2575 2580 2498 2717 2615 2526 2443 2590 2573 2816 2582 2588 2679 2765 2506 2599 2592 2974 2829 2635 2687 2989
3165 3447 3345 3308 3406 3044 3521 3455 3457 3037 3404 3412 3189 3144 3438 2786 3407 3246 3158 3152 3060 3230 3296 3270 3420 3237 3266 3287 3667 3307 3379 3172 3119 3520 3098 3101 3540 3263 3185 3209 3547 3210 3502 2903 3429 3348 3339 3415 2836 3117 3583 3135 3276 3465 3259 3303 3216 3550 3386 3101 3372 3220 3261 3329 3103 3403 3157 3239 3363 3488 3408 2919 3497 3562 3268 3204 3152 3439 3149 3233 3152 3484 3390 3066 2876 3017 3115 3441 3162 3259 3262 3234 2886 3229 3059 3528 3253 3285 3098 3417
2859 3106 3060 3042 3013 2828 3227 3220 3187 2839 2969 3079 3005 2900 3171 2637 3065 3135 2841 2724 2848 2974 3069 2949 2996 2870 3112 2967 3246 3040 3053 2985 2726 3128 2939 2870 3333 3015 2835 2819 3265 2950 3365 2766 2818 2984 2948 3024 2607 2776 3141 2852 2996 3044 2968 3135 2974 3306 2957 2876 2834 2914 2902 3135 2937 2977 2900 2897 3020 3219 3031 2742 3113 3198 3139 2857 2800 3161 2977 3052 2843 3009 2996 2829 2703 2897 2715 2963 2735 3025 2852 3054 2574 2867 3009 3337 2916 2839 2816 3233
2913 3148 2933 3127 3146 3186 3305 3083 3478 2902 3143 2940 3160 3014 3044 2731 3277 3076 3090 2986 3099 3114 2996 3065 3133 3023 3283 3067 3502 3105 3267 3186 3161 3070 3085 3009 3327 3231 2924 3072 3344 3108 3284 2990 3170 3064 2979 3061 2723 2966 3295 2958 2968 3377 3109 3216 2981 3456 3074 3034 3040 3255 3206 3254 3128 3214 3024 3011 3051 3381 3174 2771 3196 3511 3131 3055 3009 3494 2851 2855 2983 3218 3152 2949 2843 3111 2807 3233 3101 3040 2975 3120 2839 3101 3040 3465 3088 3079 3174 3410
3086 3041 3051 3160 3002 2775 3473 3108 3309 2904 3074 3225 2973 2875 3074 2834 3244 3023 2904 2782 3207 3083 3092 3035 3198 3048 3205 3149 3339 3100 2988 3000 2976 3284 2991 2730 3325 3005 3081 2858 3253 3200 3413 2925 3084 2969 3071 3102 2670 2989 3254 2886 2878 3249 3109 3020 3149 3400 2859 3029 3005 2954 3151 3102 2997 2994 2998 2843 2939 3174 3179 2953 3167 3338 3039 3104 2887 3453 2888 2851 2903 3187 3231 2771 2784 2834 2953 3066 2814 3063 3023 3085 2752 2975 2856 3398 3083 3116 3050 3284
2950 3220 3304 3192 3218 3107 3455 3205 3313 2818 3360 3239 3263 3079 3134 2947 3310 3132 3068 2847 3115 3277 3183 2837 3241 3220 3331 3133 3494 3169 3105 3270 3020 3387 3051 2808 3449 3157 3012 2889 3315 3193 3558 3004 3272 3096 3272 3201 2814 3010 3450 3017 3125 3311 3223 3318 3265 3530 3076 3139 3204 3150 3207 3363 3069 3227 3017 2991 3296 3432 3060 2882 3367 3385 3189 2991 3011 3372 3144 3058 3276 3363 3154 2928 2757 3085 3024 3296 2997 3215 3174 3305 2871 3176 3150 3587 3380 3126 3207 3246
2857 3119 2995 3035 3004 2927 3401 3019 3192 2834 2936 3121 2972 2861 2975 2579 3049 3045 2703 2644 3090 2909 2981 2733 2928 2793 3011 2996 3327 2913 2901 3025 2874 3028 2763 2777 3098 2997 2707 2825 3111 3059 3266 2815 3125 2935 2710 2945 2535 2951 3110 2930 2945 2939 3004 3152 2881 3319 3145 2750 2991 2980 2950 3041 3010 3026 3005 2594 3054 3178 3026 2785 3043 3128 2807 2967 2840 3206 2951 2882 2842 3072 2857 2727 2679 2816 2853 2929 2755 2811 2964 3017 2487 2973 2749 3383 3066 2882 2800 3231
2990 3063 2994 3026 3191 2857 3307 3087 3251 2759 2898 3083 2987 2881 3002 2747 3241 2918 2715 2785 3014 3179 3175 3036 3213 2968 3211 3038 3406 3005 3130 2923 2987 3267 2847 2770 3374 2930 2882 2636 3336 3061 3352 2813 3256 2789 2918 3124 2714 2952 3138 2766 2972 3119 2955 3050 2925 3328 3013 2863 2953 3004 2849 3242 2957 3287 2932 2909 3019 3291 3051 2643 3206 3242 3026 3050 2839 3306 2886 2906 3100 3353 3076 2839 2729 2925 2837 3151 2760 3022 2955 2998 2809 3163 2897 3387 3070 2955 3204 3253
2843 2954 2869 2788 2819 2735 3152 2995 2904 2608 3031 2912 2895 2789 2891 2590 2710 2683 2722 2716 2906 2887 2771 2865 2995 2892 2901 2950 3129 2927 2699 2810 2642 2943 2714 2685 3219 2852 2683 2712 3080 2821 3028 2631 2892 2852 2924 2900 2513 2533 3109 2671 2766 2896 2758 2855 2857 3140 2752 2718 2722 2609 2856 3013 2641 2899 2821 2743 2748 2814 2718 2522 2900 3160 3028 2794 2753 3036 2525 2846 3010 2936 2940 2726 2641 2593 2760 2952 2743 2800 2892 2877 2619 2819 2805 3122 2868 2763 2806 2978
2843 3037 3125 3002 3041 2946 3496 3025 3281 2834 3178 3079 3212 2824 3077 2817 3160 2959 2935 2675 3074 3173 3092 3044 3044 3073 3252 2918 3353 2973 3091 3188 2919 3310 3015 2796 3438 3077 2897 2856 3294 2988 3401 2932 3176 3145 3083 3160 2719 2983 3299 2928 3145 3186 3207 3314 2987 3471 3028 3053 3032 3150 3047 3230 3069 3170 3017 2895 3014 3424 3096 2706 3267 3318 3176 3049 2908 3289 3049 3079 3047 3392 3212 2743 2759 2996 2913 3020 2924 3091 3023 3050 2843 3069 3095 3557 3198 3053 2977 3435
3173 3212 3261 3318 3183 3355 3683 3362 3379 2895 3418 3355 3248 3128 3330 3047 3285 3305 3171 2833 3211 3194 3267 3009 3315 3252 3375 3263 3579 3280 3340 3475 3044 3405 3281 3074 3543 3315 3019 2981 3510 3268 3506 3146 3302 3299 3361 3335 2846 3173 3549 3137 3280 3310 3256 3346 3264 3770 3140 3197 3247 3229 3239 3433 3180 3352 3314 3021 3310 3472 3265 3128 3273 3557 3339 3152 3185 3454 3278 3310 3088 3343 3171 3024 2984 3181 3088 3328 3059 3235 2938 3395 2806 3119 3217 3747 3288 3276 3225 3564
2877 3104 3053 3078 2968 2767 3263 2986 3076 2855 3027 2936 2880 2897 3038 2743 3130 2833 2811 2801 2963 2819 2994 2839 3194 2958 3059 2999 3256 3108 2995 2963 2779 3222 2909 2773 3288 2948 2948 2739 3208 3024 3092 2814 2966 3006 2889 3073 2793 2958 3208 2865 2914 3073 2905 2849 3018 3284 2982 2967 2843 3034 2924 3107 2891 3001 2883 2813 2953 3134 2975 2762 3324 3230 2855 2930 2795 3304 2783 2902 3007 3207 3008 2787 2622 2917 2906 2870 2694 2912 2907 3161 2680 2904 2943 3289 3025 3069 2931 3112
3047 3196 3074 3323 3098 3005 3374 3127 3211 3003 3232 3102 3168 2938 3082 2822 3162 3124 2883 2943 3065 3018 3090 2914 3069 3092 3271 3184 3465 3125 3068 3033 3145 3312 3049 2915 3317 3040 2979 2855 3433 3162 3516 2906 3144 3066 3109 3167 2711 2914 3333 2972 3049 3399 3175 3137 3173 3371 3081 3006 2974 2929 3113 3182 3049 3150 3064 2907 3083 3216 3074 2822 3140 3505 3175 3035 2928 3129 2903 2859 2886 3284 2992 2927 2935 3045 2993 3403 2775 3101 3056 3253 2780 3044 3143 3611 3054 3184 3160 3394
2903 3037 2903 3074 3083 2957 3222 3026 3110 2715 2967 3018 2884 2835 3046 2663 3240 2911 2760 2657 2844 3073 2868 2762 3024 2936 3122 2973 3141 2966 3067 2885 2835 3249 2905 2689 3194 3008 2937 2666 3159 2983 3236 2830 2919 2841 2990 2882 2594 2764 3008 2673 2868 2997 2954 3036 3102 3483 2848 3002 2726 2965 2898 3011 2941 3104 2862 2687 3007 3256 2892 2697 3106 3310 3074 2855 2776 3128 2872 2682 2913 3022 3005 2805 2581 2927 2908 3104 2757 2862 2972 2992 2776 2945 2987 3277 3003 2872 3025 3217
2865 2980 2980 2799 3064 2654 3300 2997 3048 2598 3111 2977 2964 2820 3009 2702 3127 2850 2908 2771 2838 3048 2925 2939 3008 2841 3052 3095 3229 3011 3099 3032 2674 3234 2692 2729 3274 2926 2869 2870 3042 2720 3080 2826 3002 3036 2998 3026 2608 2840 3101 2782 2991 2930 2941 3035 2882 3278 2867 2909 2766 3010 2937 3036 2798 3001 2846 2882 3073 3189 2791 2745 3229 3267 2883 2833 2853 3318 2715 2900 2990 3071 3060 2614 2670 2794 2706 2921 2837 2843 2882 3075 2779 2897 2801 3276 2925 2886 2899 3162
2748 3032 3043 3076 2968 2969 3211 3090 3270 2770 3056 3029 2975 2799 3034 2745 3087 3117 2901 2748 2917 2868 3106 2957 3078 2933 2898 3054 3222 2995 2868 3052 2894 3101 2845 2871 3397 3074 2834 2925 3318 3099 3266 2685 2806 2936 3101 2914 2548 2792 3358 2927 2991 3013 3033 3011 3032 3350 3066 2875 2774 2757 2795 3151 2834 3007 2923 2964 3042 3055 2934 2587 3143 3202 2989 2892 2878 3235 2814 2962 2856 2912 2991 2829 2844 2906 2907 3185 2835 2995 3009 3023 2663 2962 2952 3359 2973 3025 2928 3156
2678 2975 3101 3008 2932 2919 3191 2988 3127 2751 2825 2951 2907 2795 2836 2671 2891 2879 2797 2794 2915 2857 2905 2877 2945 2839 2935 2843 3212 3029 2804 2909 2787 3008 2865 2700 3148 2947 2635 2833 2991 2909 3092 2774 2806 2851 2876 2953 2586 2808 3029 2979 2841 3120 2986 3010 2971 3287 2820 2997 2806 2757 2800 3059 2837 2964 2815 2699 2936 3031 2778 2669 2840 3080 2872 2975 2792 3166 2706 2917 2784 3065 2958 2869 2664 2843 2760 2781 2700 2836 2782 2917 2628 2865 2863 3178 2848 2883 2774 2994
3034 3134 3142 3122 3217 2996 3436 3230 3326 2688 3330 3147 3007 3024 3072 2881 3258 3092 2881 2834 3051 3156 3089 2954 3126 2899 3193 3096 3417 3159 3186 3073 3063 3306 3021 2678 3177 3168 3054 2906 3431 3086 3289 3014 3182 2941 3172 3145 2782 3051 3165 2791 3068 3148 3092 3205 3157 3541 2931 3138 3111 3169 3040 3310 3110 3284 2957 2995 3124 3401 3060 2880 3242 3509 3189 3063 2970 3158 2881 2915 2925 3221 2982 2953 2777 3073 2913 3270 2942 3178 2965 3185 2773 3063 2920 3359 3098 3106 3323 3301
2957 3119 2883 3064 3059 2830 3356 2890 3197 2702 3035 3109 2987 2860 2944 2828 3240 3022 2671 2668 3004 3044 3053 2856 3103 2932 3095 3035 3376 2948 3052 3054 3039 3148 2733 2770 3303 3030 2944 2810 3172 2982 3288 2796 3106 2861 3054 2811 2602 2953 3123 2690 2847 3142 3032 3022 3070 3445 2873 3033 2732 2992 3135 3083 2876 3159 2891 2803 2982 3160 2911 2756 3049 3298 2894 2803 2767 3216 2706 2613 2926 3031 3015 2729 2780 2891 2739 3150 2869 2953 3025 3033 2700 3082 2795 3370 2958 2802 3073 3473
2883 2939 2834 2846 2849 2838 3132 2839 2955 2708 2927 2871 2937 2793 2988 2628 2988 2656 2893 2684 2845 2948 2713 2803 2875 2880 3143 2882 3155 2937 2879 2809 2669 3091 2781 2744 2974 2918 2605 2838 3018 2783 2964 2767 3051 3058 2873 2909 2580 2745 2917 2735 2795 3006 2902 2886 2860 3123 2807 2740 2738 2889 2828 2896 2872 2926 2855 2621 2832 2949 2803 2756 2932 3233 2837 2875 2701 3088 2777 2902 2834 2982 2900 2629 2762 2648 2745 2913 2649 2640 2719 2874 2496 2703 2785 3222 2860 2840 2771 3145
2836 3044 2958 3084 3089 2917 3314 3250 3250 2882 2957 3038 2972 2896 3102 2715 3054 2864 2928 2828 2968 2919 2955 2913 3126 2891 3298 3002 3348 3004 3076 2848 2844 3272 2852 2962 3291 2984 2889 2831 3250 3024 3373 2858 3163 3196 2966 2846 2570 2885 3207 2802 2972 3072 2977 3018 3030 3232 2983 2775 2952 2798 2883 3116 2887 2972 2914 2780 2943 3019 3047 2700 2948 3363 3190 2958 2902 3271 2841 2912 2984 3149 3048 2964 2806 2797 2938 3060 2778 2860 2944 2968 2749 2869 2908 3436 3091 3035 2956 3304
2814 2847 2931 2918 2906 2786 3190 2854 3018 2670 2986 2885 2946 2763 2843 2533 3002 2831 2649 2825 2914 2803 2827 2702 2880 2791 2968 2909 3185 2756 2974 2906 2690 3225 2721 2566 3209 2974 2791 2756 3054 2907 3094 2677 2860 2874 3052 2926 2372 2844 3212 2691 2867 2987 2967 2890 3026 3257 2946 2812 2803 2806 2951 2987 2690 2898 2788 2731 2979 2938 2839 2770 2962 3156 2941 2831 2832 3032 2735 2977 2991 2972 2892 2866 2621 2698 2820 2761 2787 2833 2906 2867 2601 2706 2889 3252 3001 2824 2859 3128
3088 3120 2995 3199 3118 3052 3309 3115 3165 2831 3065 3203 2871 2764 3093 2767 2942 3041 2777 2676 3057 3096 2948 2862 2992 3089 3060 3027 3407 3008 3018 2969 2909 3158 2947 2837 3308 2917 2832 2922 3220 2986 3283 2895 3218 3012 3067 3145 2749 2767 3224 2830 2961 3246 3213 2991 3065 3555 2840 3077 3035 3137 3067 3123 3108 3220 2964 2591 3050 3307 3002 2730 3171 3314 3038 3048 2915 3356 2874 2846 2964 3092 2913 2852 2707 2769 2881 3225 2809 2898 2939 3118 2713 3010 2892 3397 3188 3000 3022 3252
3109 3038 3202 3206 3252 2923 3447 3300 3255 2937 3377 3084 3094 3048 3084 2631 3317 3048 2984 2873 2995 3110 3290 3096 3401 3076 3099 3076 3554 3192 3057 3111 3031 3351 3027 2800 3424 3153 2992 2844 3310 3107 3458 2925 3130 3194 3185 3123 2757 2965 3283 3076 3016 3259 3105 3148 3052 3503 3169 3189 3005 3013 3134 3280 3010 3194 3113 2918 3179 3403 3163 2905 3366 3510 3098 3058 3078 3477 2863 3003 3072 3138 3211 2913 2882 3049 3098 3237 3024 3139 3073 3203 2811 3110 2980 3424 3263 3239 3113 3288
2908 2930 2903 3054 3016 2900 3324 2988 2967 2593 3018 2913 2725 2718 2953 2662 3058 2692 2858 2589 2825 2932 2994 2698 2971 2948 2980 2951 3181 2998 3131 2900 2741 3175 2869 2757 3304 2936 2802 2464 3068 2837 3158 2802 3074 2996 3092 3048 2656 2885 2963 2807 2989 2988 2857 2963 2960 3233 2924 2874 2651 2893 2774 3106 2746 3126 3018 2574 2858 3070 2902 2693 3025 3308 2982 2828 2699 3038 2752 2825 2787 2914 2944 2696 2589 2783 2636 2977 2740 2740 2643 3122 2674 2900 2905 3329 2864 3102 2902 3347
2886 2959 2928 3040 3003 2793 3176 2929 3104 2584 2843 2874 2928 2803 2874 2550 3145 2789 2797 2740 2878 2910 2906 2935 2971 2852 3002 2845 3203 2952 3039 2815 2879 3140 2849 2818 3164 2957 2762 2719 3045 2860 3174 2711 3099 2912 2834 2955 2484 2858 2989 2865 2827 2897 2884 2968 3019 3225 2904 2854 2810 2939 2966 2947 2810 2949 2862 2818 2932 3124 2761 2697 2996 3261 2852 2819 2822 3187 2809 2747 2908 2927 2925 2847 2579 2825 2799 2971 2724 2762 2907 2951 2511 2916 2853 3157 2800 2793 2916 3136
3171 3302 3492 3324 3363 3308 3631 3469 3555 3090 3453 3434 3267 3215 3450 3066 3448 3330 3237 2983 3289 3325 3490 3114 3571 3294 3726 3423 3669 3353 3363 3382 3123 3566 3159 3220 3794 3317 3114 3117 3595 3324 3794 3157 3417 3411 3441 3244 3052 3350 3583 3190 3339 3425 3407 3418 3172 3709 3284 3160 3379 3334 3167 3572 3394 3417 3274 3213 3433 3407 3454 3039 3457 3603 3390 3325 3243 3694 3233 3338 3460 3514 3319 3117 3109 3324 3287 3369 3126 3374 3472 3430 3076 3270 3274 3842 3518 3288 3098 3525
2968 3032 3167 3235 3092 3151 3388 3160 3325 2744 3074 3180 3185 2812 3267 2949 3232 2921 2937 2653 2963 3128 2991 2941 3033 3130 3264 3204 3496 3249 3145 3100 2955 3172 3101 2962 3425 3018 2928 3010 3393 3089 3284 2939 3191 3102 3108 3296 2817 2774 3270 3174 3022 3191 3111 2991 3152 3577 3016 3080 2928 3140 3214 3354 3121 3173 2905 2969 3144 3315 2943 2886 3174 3349 3135 2932 3008 3455 3037 2871 3065 3140 2985 2852 2836 3075 2990 3227 2858 2950 3043 3207 2783 2962 3112 3431 3199 3041 2944 3389
2959 2993 2997 3032 2984 2822 3354 2996 3185 2567 3006 2978 3076 2752 3074 2778 3087 3026 2829 2526 2925 3071 2995 2826 2943 3062 3020 2962 3213 2960 3200 3091 2840 3169 2821 2712 3378 3004 2844 2722 3207 2974 3328 2662 3048 2799 2928 2991 2698 2909 3232 2695 3010 3076 2975 3117 3038 3568 2891 2964 2812 2877 2988 3107 2909 3062 2927 2855 3072 3176 2891 2788 3057 3407 2894 2960 2761 3067 2784 2916 2818 3046 3128 2733 2763 2855 3040 3105 2776 2894 2947 3227 2696 2911 2947 3490 3057 3122 3066 3390
2987 2976 3002 3033 2756 2931 3134 3018 3045 2628 2822 2965 2706 2659 3001 2535 2996 2869 2724 2677 2951 2949 2808 2715 2971 2802 2969 3048 3124 2825 2918 2874 2833 3005 2811 2587 3203 2738 2571 2635 3050 2917 3203 2773 2972 2784 2925 2932 2660 2713 2938 2792 2732 3144 2914 2838 2948 3311 2861 2838 2806 2912 2828 3014 3021 2960 2999 2608 2966 2948 2895 2608 3029 3182 2904 2888 2722 3078 2586 2738 2925 2908 2817 2634 2603 2851 2800 3056 2619 2808 2953 2929 2538 2890 2806 3257 2963 2974 2903 3070
2906 3162 3084 3160 3198 3053 3291 3201 3166 2837 3185 3160 3026 2810 3125 2858 3223 2847 2808 2868 2995 2992 2982 2674 3151 2982 3127 3034 3398 3044 3064 2927 2954 3366 2909 2791 3174 2982 2965 2781 3363 3083 3396 2887 3153 3073 3014 3070 2855 2848 3147 2831 3148 3093 3079 3137 3056 3433 3095 2740 2970 2991 2972 3208 3044 3201 2988 2784 3189 3261 2959 2783 3296 3179 3066 2989 2831 3112 2933 3009 3110 3118 2877 2817 2727 2992 2912 3213 2930 3035 2915 3204 2627 3020 2940 3375 3184 2914 2992 3179
2998 3132 3206 3117 3201 2784 3400 3064 3212 2716 3130 3166 3043 2931 3046 2910 3046 2911 2852 2751 2953 2965 2989 2614 3037 2972 3084 3031 3316 3034 2993 2939 2927 3273 2816 2868 3267 3035 2959 2757 3181 2946 3256 2959 3052 3069 2934 3201 2819 2814 3221 2920 3162 3207 3117 3148 2991 3372 3075 2900 2861 2921 2918 3205 2885 3040 2945 2799 3091 3306 2830 2778 3124 3154 3138 2960 2998 3105 2869 2977 3017 3183 2989 2870 2694 2830 2812 2977 2730 2988 2931 3307 2636 2873 2998 3401 3072 3136 2874 3133
2938 2980 3056 2960 3131 3014 3280 3142 3241 2873 3091 2960 3049 2918 3087 2842 3040 3160 2938 2823 3066 3156 2913 2952 3084 3037 3341 3107 3362 2817 3017 3080 3016 3278 2979 2853 3305 3173 2952 2979 3247 2883 3384 2880 3073 3063 3011 3197 2626 2898 3332 2850 3117 3190 3039 3259 2970 3401 3020 3046 3052 2954 3083 3183 2949 3046 3107 2892 3159 3327 2888 2808 3167 3288 3052 2906 3043 3299 2983 3035 2927 3314 2946 2734 2775 3073 3026 3018 2921 3044 3022 3074 2768 3034 3011 3535 3188 3055 3083 3249
2904 3103 3194 3167 3188 3002 3484 3194 3220 2891 3152 3234 3020 2988 3304 2828 3235 3253 2933 2861 3108 3088 3194 3063 3190 2893 3288 3083 3516 3128 3083 3258 2770 3369 3095 2849 3421 3184 2992 2942 3432 3182 3310 3075 3258 3152 3040 3169 2780 3031 3285 2962 3098 3131 3018 3157 3179 3464 3106 3035 2983 3105 3097 3280 3178 3239 3076 2718 3132 3389 3195 2909 3358 3262 3044 2980 2955 3409 3100 3055 3120 3296 3085 2858 2803 2922 3114 3168 2782 3111 3084 3185 2764 3121 3077 3562 3263 3205 3075 3418
2763 2881 3093 3131 3080 3102 3086 2888 3126 2759 3099 3096 2897 3030 3058 2617 3122 2888 2806 2737 2943 3033 3059 2774 3132 3002 3146 3002 3456 2879 3051 2886 2941 3189 2948 2767 3303 3044 2875 2741 3344 3008 3360 2789 3000 3065 3052 3028 2619 2907 3081 2973 3022 3333 3002 3065 3016 3320 2887 2968 2907 2842 2929 3268 2936 3158 3021 2856 3047 3155 3054 2765 3120 3217 2999 2843 2842 3280 2844 2890 2814 2988 2974 2881 2666 3046 2794 3112 2922 2987 2948 2966 2628 3025 2986 3272 3067 3116 3205 3307
2826 2952 2849 2793 2789 2669 3158 2917 2899 2583 2932 3002 2979 2591 2980 2633 2915 2831 2695 2616 2978 2777 2785 2752 2870 2706 2848 2891 3160 2931 2748 2881 2723 3018 2827 2636 3062 2819 2722 2751 3048 2902 3115 2641 2820 2761 2822 2943 2427 2669 3066 2734 2763 2843 2721 2900 2933 3147 2770 2771 2625 2782 2979 2940 2791 2927 2820 2627 2804 2932 2807 2677 2980 3112 2699 2682 2739 2989 2785 2792 2760 2899 2810 2550 2550 2762 2742 2776 2719 2859 2779 2773 2558 2750 2707 3127 2803 2804 2762 3068
3117 3228 3237 3219 3260 3100 3499 3137 3431 2935 3213 3258 3244 3174 3341 2837 3326 3144 2916 2896 3142 3316 3248 3061 3249 3030 3440 3260 3559 3229 3100 3123 3031 3358 3096 2936 3328 3088 3019 2938 3453 3207 3463 3129 3259 3207 3071 3213 2919 3130 3367 2941 3085 3445 3175 3272 3157 3646 3132 3080 2889 3108 3258 3350 3240 3376 3151 2993 3178 3481 3101 2914 3148 3376 3272 3187 3062 3439 3040 3027 3093 3276 3062 3020 3101 3164 2949 3342 2985 3126 3054 3231 2863 3156 3133 3644 3094 3147 3106 3449
2950 3143 2992 3067 3053 2955 3529 3253 3216 2706 3030 3111 3111 2766 3092 2862 3273 3072 3048 2870 3011 3053 3016 3099 3128 3158 3329 3119 3451 3094 3204 3042 3005 3157 3067 2985 3437 3206 3043 2888 3309 3294 3329 2905 3165 2922 2945 3182 2656 2958 3303 2971 2979 3163 2987 3004 3072 3473 3025 3139 2891 3174 3031 3158 2904 3151 2986 2844 3194 3266 3016 2798 3221 3345 3165 3101 2891 3339 2956 2993 2958 3192 3141 2920 2715 3015 3011 3119 2869 2953 3031 3147 2878 2981 3000 3492 3027 3066 3176 3360
2891 2970 3158 3020 3097 2795 3362 3140 3067 2591 3170 2940 2885 2861 3075 2715 3045 2866 2728 2653 2800 2977 3130 2847 3119 2964 3106 3037 3220 3056 2999 3084 2794 3215 2747 2708 3289 3115 2914 2758 3082 2938 3176 2806 3011 2921 3102 3144 2526 2928 3275 2818 2984 3004 2920 2988 2996 3376 2917 2947 2818 2892 2928 3135 2888 2984 2982 2893 3030 3253 2815 2823 3060 3207 3239 3015 2820 3127 2743 3079 3017 3070 2861 2820 2757 2871 2897 2944 2757 2871 2857 3173 2670 3024 3011 3255 3033 3052 3004 3258
2948 3078 3113 3083 3146 2946 3546 3137 3076 2663 3016 3002 3086 2821 3146 2818 3122 3014 2877 2973 2967 2974 2972 2910 2919 2998 3137 2988 3345 2858 3288 3107 2764 3230 2927 2904 3376 3034 2795 2803 3190 2900 3218 2806 3063 3064 3080 3079 2713 2883 3258 3002 3242 3003 3058 3060 3073 3346 3007 2884 2899 2939 2959 3053 2779 3004 3004 2939 3158 3131 2860 2747 3246 3204 3085 2992 2902 3158 2882 3110 2990 3155 2986 2820 2681 2908 3020 3071 2857 3027 3037 3279 2662 2955 2907 3547 2936 3041 2906 3241
2730 2922 2832 3006 2840 2834 3056 2834 3071 2537 2821 3068 2957 2674 3026 2643 2969 2797 2772 2628 2903 2785 2742 2720 3024 2832 2764 2742 3233 2776 3001 2810 2891 2963 2850 2612 3126 2823 2632 2677 3110 2898 3110 2549 2811 2632 2738 2653 2540 2664 3113 2683 2835 2932 2872 2897 2800 3135 2932 2799 2826 2846 2695 3050 2823 2906 2812 2607 2987 3026 2791 2573 3004 3061 2692 2767 2601 3148 2779 2877 2756 2851 2909 2647 2521 2673 2629 2912 2649 2775 2870 2880 2626 2849 2772 3082 2944 2878 2748 3043
2928 3100 3229 3126 3141 2966 3444 3243 3198 2833 3241 3264 3050 2925 3222 3075 3199 3007 2931 2751 3059 3177 3221 2896 3204 2986 3229 3151 3428 2997 2926 3155 2942 3304 3043 2935 3451 3139 2984 2947 3483 3195 3514 3063 3221 3209 3297 3155 2878 2941 3278 2817 3060 3141 3151 3034 3141 3412 3007 2972 3072 2900 3118 3337 2988 3225 3039 2854 3159 3130 2963 2906 3277 3145 3132 3000 2961 3267 3012 2940 3090 3052 3139 2874 2880 2820 2987 3290 2919 3085 3143 3183 2720 3014 2894 3589 3273 3030 3028 3300
3129 3162 3362 3256 3238 3136 3498 3308 3322 2819 3183 3195 3312 3094 3061 2795 3306 3014 3088 3047 3164 3248 3264 3006 3053 3139 3303 3154 3463 3078 3331 3057 3029 3299 3006 2816 3372 3179 2878 2790 3412 3130 3497 3133 3277 3005 3269 3080 2948 2973 3338 2930 3136 3238 3199 3112 3262 3476 3079 2999 3009 3025 3124 3387 2917 3402 2927 2987 3174 3280 3063 2849 3275 3365 3243 3128 2935 3274 3040 3302 3096 3258 3155 3069 2772 2880 2991 3138 3037 3116 3114 3330 2882 2846 2938 3435 3260 3130 3267 3345
2827 2963 3208 3166 2966 2911 3287 3099 3083 2738 2913 3216 2979 2847 3135 2794 3193 2955 2853 2702 2995 3015 3005 2782 3151 2953 3038 3099 3327 3045 3025 2932 2778 3141 2968 2789 3328 3076 2896 2836 3326 3116 3344 2879 3076 3127 3071 3130 2592 2921 3097 2960 3097 3188 2903 3066 3140 3262 3052 2850 2955 2887 3018 3226 2930 3178 2813 2737 3114 3068 2940 2806 3143 3292 3000 2992 2915 3167 2904 2950 2839 3054 2958 2929 2643 2746 2846 3069 2722 3010 2916 3029 2639 2863 2857 3307 3182 2986 3049 3219
3004 3018 2990 3016 2854 2913 3206 2940 3024 2679 3054 2978 3005 2889 2939 2693 3114 2933 2915 2738 3049 3041 2899 2744 3003 3143 2983 3082 3217 2991 2984 3023 2909 3065 2794 2733 3301 3097 2714 2713 3198 2947 3235 2827 3062 2744 3106 3026 2649 2859 3098 2815 2682 3216 2888 2923 3045 3352 2913 2937 2763 2790 2941 3187 3036 3143 2900 2836 2984 2976 2883 2728 3016 3118 3090 2769 2760 3123 2750 2952 2924 2948 3042 2747 2774 2812 2893 3105 2796 2810 2829 3054 2542 2974 2957 3252 2991 3032 3055 3340
2951 3176 3019 2991 3053 2882 3387 3091 3272 2717 3144 3090 3122 2937 3096 2844 3068 3055 2943 2651 3058 3126 3089 2985 2913 3008 3136 3159 3315 2942 3110 3175 2967 3228 2924 2947 3475 3053 2770 2892 3256 3035 3346 2872 3063 2898 3054 3041 2719 2944 3298 2885 2874 3197 2936 3081 3203 3372 2940 3111 2833 3006 3174 3168 2981 3092 3062 2915 3067 3366 3046 2922 3064 3407 3211 2797 2967 3301 3014 3098 3042 3282 2991 2839 2883 2896 2819 2908 2862 3044 2984 3049 2703 2947 3021 3496 2994 2943 2892 3294
3123 3548 3390 3410 3382 3280 3667 3318 3460 2967 3369 3346 3351 3196 3356 3066 3403 3349 3232 3301 3305 3359 3299 3135 3289 3246 3457 3297 3731 3325 3362 3350 3303 3521 3249 3155 3681 3308 3086 3170 3583 3345 3527 3282 3361 3275 3295 3246 2973 3190 3625 3230 3212 3372 3370 3375 3361 3539 3162 3272 3171 3190 3217 3434 3294 3370 3196 3011 3355 3570 3421 3051 3386 3567 3340 3230 3333 3463 3088 3227 3321 3263 3405 3114 3085 3196 3255 3382 3134 3168 3328 3444 2922 3360 3143 3792 3242 3389 3193 3428
2975 3052 2785 3087 3084 2870 3380 2981 3135 2796 3123 3020 3030 2890 2821 2565 3179 3011 2743 2801 2981 2922 3011 2877 2973 2944 2995 2842 3249 3038 2995 2964 3019 3168 2732 2583 3202 3022 2809 2697 3220 3006 3235 2800 2965 2768 2974 2889 2668 2795 3296 2657 2933 3097 3159 3086 2899 3297 2850 2983 2767 3017 3013 3010 2943 3115 2955 2775 2975 3200 2997 2663 3149 3286 2903 2918 2662 3093 2807 2936 2836 3205 3040 2748 2594 2597 2764 3095 2727 2953 2919 3013 2666 2950 2990 3383 3020 3068 3052 3335
3017 3019 2982 3047 3070 2861 3261 2985 3106 2801 3018 2980 3110 2813 2977 2653 3189 2860 2879 2708 3022 3045 3039 2751 3136 3061 3113 3021 3181 2984 3014 2826 3036 3133 2720 2866 3184 3062 2820 2656 3213 3030 3250 2817 3076 2899 2949 2862 2758 2737 3116 2827 2762 3037 3091 3005 2918 3307 2885 2786 2852 2982 2940 3182 3131 3022 2927 2733 2934 3259 2889 2644 3117 3196 2997 2773 2870 3200 2808 2966 3005 3145 3011 2662 2643 2925 2872 3118 2899 2894 2925 3128 2684 3096 2979 3214 3060 2914 2930 3178
3019 3075 3051 3073 3113 2970 3203 3011 3185 2691 3071 2890 2913 2913 3028 2803 3071 3100 2859 2765 2980 3072 3046 2827 2984 2946 3056 3102 3298 3019 2922 3110 2885 3093 2853 2727 3276 3050 2774 2814 3309 3001 3156 2818 3136 2865 3007 3074 2790 2848 3186 2874 2901 3062 2811 3150 3038 3361 3024 2905 2863 2856 2980 3285 2885 3048 2987 2926 3052 3114 2775 2675 3220 3277 2972 2836 2800 3304 2787 2831 2961 3064 2986 2817 2729 3036 2804 3202 2811 2860 2910 3219 2669 3103 2968 3367 2949 3104 3119 3173
2802 2990 2756 3077 2847 2762 3063 2921 3092 2771 2950 2955 2883 2703 2797 2702 2994 2839 2796 2665 2857 2821 2817 2675 2874 2887 2944 2965 3176 2820 2836 2847 2877 3062 2857 2639 3165 2861 2696 2577 3086 2945 3237 2723 2841 2830 2896 2722 2664 2668 3094 2639 2733 2986 2945 2831 2887 3275 2825 2776 2714 2829 2861 2946 2859 2960 2713 2684 2804 2975 2874 2627 3121 3024 2724 2686 2665 3092 2634 2750 2863 2952 2810 2622 2556 2857 2764 2990 2746 2729 2896 2927 2526 2727 2634 3167 2962 2769 2927 3105
2948 2990 3281 3216 3250 2960 3347 3041 3279 2951 3221 3148 2915 3006 3166 2795 3335 3015 2958 2835 2844 3064 3182 2917 3236 2993 3194 3154 3397 3154 3088 3181 2867 3349 2994 2931 3443 3192 2992 2823 3356 3067 3365 3002 3133 3092 3184 3104 2901 3015 3209 2893 3099 3297 3284 3174 3038 3458 3192 2799 2926 3097 2994 3276 3135 3278 3110 2987 3060 3253 3322 2912 3269 3333 3119 3101 3117 3384 2921 2985 3050 3312 3162 2799 2890 2898 2991 3168 2801 3183 3060 3247 2673 3095 3071 3462 3280 3180 3146 3327
3269 3386 3198 3322 3188 3196 3586 3405 3356 2972 3387 3229 3321 3059 3263 2961 3448 3162 3300 3158 3136 3181 3180 3036 3421 3111 3099 3252 3612 3016 3216 3180 3072 3497 3186 3010 3485 3341 3100 2949 3508 3262 3565 3090 3231 3250 3391 3275 2839 3073 3472 3058 3172 3268 3290 3315 3209 3543 3159 2995 3073 3056 3099 3374 3101 3352 3194 3056 3317 3429 3069 2912 3461 3440 3187 2967 3234 3440 3073 3369 3102 3137 3134 2998 2901 3055 3169 3353 3213 3173 3166 3323 2921 3066 3187 3702 3431 3297 3229 3438
2939 3159 2794 3005 3032 2863 3401 3145 3176 2654 3068 2945 2888 2767 2949 2643 3132 2848 2834 2771 2833 3070 2925 3129 3022 2862 3067 2869 3186 2957 2951 2929 2863 3125 2955 2750 3220 3043 2798 2873 3128 2831 3242 2872 3161 3023 2871 3000 2669 2690 3018 2856 3026 2921 3022 3155 2885 3261 2905 2975 2811 3066 2917 2980 2869 3120 2961 2726 3046 3248 2993 2567 3129 3234 2932 2857 2843 3171 2804 2724 2897 3038 2998 2744 2619 2876 2825 3144 2801 2809 2943 2930 2764 2903 2767 3353 2932 2898 2775 3189
2887 3177 3177 3128 2990 2896 3476 3180 3149 2755 3025 3278 2954 2865 3081 2638 3159 2983 2924 2808 2995 3094 2964 2934 3149 3059 3026 3080 3282 3158 3167 2987 2873 3150 3042 2891 3334 3009 2847 2832 3197 3010 3377 2890 3135 3018 3128 3191 2660 2775 3158 2997 3119 3183 3177 3143 3104 3432 3084 2880 2998 2985 2934 3246 2941 3144 2907 2814 3184 3199 3212 2769 3127 3195 3071 3052 2883 3104 2927 2887 2869 3188 3174 2888 2648 2787 2746 3128 2893 3099 2942 3331 2708 2929 2839 3345 3140 2958 2892 3304
3047 3191 3055 3161 3084 2977 3501 3136 3200 2797 3174 3161 3037 2977 3199 2901 3259 3145 3046 2646 3120 3091 3180 3055 3135 3141 3157 3003 3438 3102 3156 3116 2936 3232 3108 3133 3497 3216 2988 2886 3421 3169 3251 3088 3317 3190 3002 3084 2948 3033 3321 2998 3066 3254 3075 3100 2992 3371 2946 2983 2977 3114 3069 3253 2999 3249 3110 2919 3162 3297 3082 2781 3294 3407 3183 2941 3076 3215 2907 2997 3076 3234 3094 2950 2765 2865 3101 3260 2900 3131 3139 3177 2773 3096 2966 3706 3085 3101 3164 3360
3043 3035 3028 3190 3094 3082 3332 3027 3208 2770 2956 2977 2907 2811 2979 2754 3006 2852 2800 2781 3029 2921 2977 2797 3009 2882 3076 2847 3250 2996 2981 2919 2821 3015 2991 2915 3255 2942 2862 2736 3231 3065 3149 2942 3074 3079 3020 3002 2736 2791 3014 2929 2968 3050 2877 3015 2973 3313 2966 2961 2880 2975 2863 3176 3034 2957 2858 2709 2884 3111 2949 2596 3043 3387 3139 3012 2964 3223 2782 2838 2891 3155 3133 2996 2672 2858 2845 3095 2867 2978 2986 3110 2766 2973 2952 3367 2999 2970 2929 3110
2951 3065 3076 3214 3049 2974 3513 3210 3322 2893 3227 3154 3165 2979 3212 2825 3277 3220 2898 2972 3165 3170 3219 3089 3170 2996 3222 3191 3570 3028 3154 3252 2997 3235 3150 2963 3560 3215 2797 3049 3328 3040 3336 2963 3058 3121 3100 3183 2804 2870 3335 3159 3055 3343 3351 3257 3108 3539 3090 3118 2929 3113 3176 3324 3047 3208 3045 2949 3192 3381 3245 2877 3259 3298 3254 2931 3188 3500 2970 3060 3131 3250 3001 2824 2880 3073 2997 3152 3052 3013 3273 3150 2884 3167 2952 3461 3089 3136 2896 3509
2671 2844 2887 2835 2867 2908 3279 2980 3147 2640 2875 2882 2879 2596 2815 2716 2873 2885 2723 2680 2899 2957 3006 2679 2735 2778 2858 2951 3361 2856 2786 2943 2911 3040 2825 2785 3152 2810 2547 2711 3083 2796 3197 2897 2964 2900 2863 2944 2580 2694 3114 2876 2898 3063 3032 2887 3009 3225 2838 2831 2785 2786 2981 3031 2694 3050 2813 2604 3007 3150 2911 2605 2915 3001 2904 2645 2811 3152 2872 2758 2720 2944 2732 2535 2628 2656 2681 2897 2803 2745 2844 2851 2645 2898 2638 3177 2947 2960 2786 3102
2910 3104 2982 3066 3070 2734 3447 2902 3086 2830 2921 3009 2945 2880 2870 2611 3081 2808 2894 2864 2967 2895 2880 2816 2928 2976 3102 2949 3415 2980 2957 2811 2893 3290 2897 2806 3127 2779 2933 2730 3087 3051 3056 2855 3144 2969 2863 2852 2597 2839 3110 2921 2830 3031 3067 2941 3045 3353 2835 2944 2869 2920 3049 2985 2860 2992 2846 2791 2902 3165 3021 2591 3057 3059 3075 2937 2876 3336 2875 2804 2961 3258 2933 2831 2615 2967 2964 3086 2819 2932 3064 3072 2605 2958 2899 3173 2953 2991 2914 3202
3170 3263 3276 3328 3186 3109 3638 3180 3348 2849 3229 3147 3114 2990 3109 2921 3369 3173 3218 2875 2963 3128 3233 3123 3235 3114 3332 3196 3484 3323 3249 3274 3167 3361 3097 2972 3553 3208 3081 2867 3366 3302 3326 2945 3364 3157 3193 3216 2895 3074 3336 3082 3064 3354 3157 3240 3154 3711 3152 3129 2975 3194 3260 3332 3058 3194 3093 3188 3298 3460 3018 2908 3355 3525 3320 3172 3081 3505 2990 2951 3131 3227 3126 2977 2825 3109 3064 3348 3049 3088 3068 3339 2900 3067 3153 3633 3349 3242 3300 3423
2676 2813 2827 2828 2841 2553 3123 2751 2731 2495 2708 2848 2811 2459 2857 2510 2945 2731 2604 2604 2699 2700 2701 2593 2709 2641 2661 2779 3027 2742 2763 2580 2694 3040 2743 2576 2923 2647 2614 2565 2979 2689 2923 2734 2897 2720 2771 2728 2432 2567 2841 2682 2668 2846 2757 2792 2793 3041 2841 2417 2392 2628 2661 2854 2701 2917 2630 2515 2883 2962 2629 2448 2887 2909 2716 2588 2656 2804 2583 2706 2547 2800 2722 2560 2607 2572 2630 2868 2510 2635 2634 2855 2509 2782 2630 3078 2769 2736 2778 3058
3002 2867 2985 3128 3248 2846 3424 3210 3221 2660 3133 3096 3045 2776 3163 2746 3242 2971 2910 2667 3000 3004 3044 2892 3075 3055 3007 3197 3346 3051 3192 2929 2810 3326 2922 2924 3291 3098 3055 3034 3284 2905 3257 2995 3191 3061 3041 3015 2679 2874 3303 2925 3022 3088 3149 3017 3099 3493 3041 2852 2979 3088 3132 3077 2878 3150 2996 2857 3036 3321 3058 2781 3105 3249 3030 2976 2996 3410 2920 2877 2837 3032 3088 2758 2818 2814 3136 3178 2844 2944 2922 3175 2767 2931 2895 3385 3071 2971 2887 3340
2855 3085 3029 2997 2973 2722 3189 3186 3110 2703 3111 2905 2855 2957 2947 2616 2997 3045 2797 2678 2937 2939 2855 2569 3173 2940 3009 3123 3127 2945 3020 2942 2783 3168 2811 2842 3310 2912 2862 2777 3229 2832 3186 2829 2913 3033 3119 3039 2624 2976 3081 2876 2902 3029 2907 3061 2913 3284 3021 2939 2941 2943 3003 3106 2934 2985 2799 2814 2922 3189 3053 2791 3094 3237 3064 2873 2706 3191 2671 2886 2870 3170 2971 2810 2680 2803 2877 2812 2878 2968 2947 3137 2558 2856 2912 3269 2984 3021 2818 3118
2727 2736 2840 2976 2709 2670 3187 2818 2991 2681 2991 2956 2899 2707 2906 2609 2934 2742 2683 2568 2772 2905 2996 2666 2904 2752 2939 2810 3070 2862 2788 2883 2675 3038 2773 2570 3089 2716 2752 2581 3033 2871 3127 2690 2806 2796 2721 2830 2527 2748 3035 2699 2716 2996 2858 3040 2785 3198 2739 2644 2630 2625 2681 2940 2811 2809 2748 2573 2734 3147 2829 2564 2880 3053 2874 2895 2819 3036 2720 2642 2778 2990 2898 2633 2668 2645 2659 2976 2507 2796 2622 2860 2606 2793 2777 3234 2805 2973 2761 3129
3255 3336 3474 3200 3215 3149 3572 3401 3227 2873 3167 3499 3145 3033 3266 3019 3287 3221 3077 3008 3420 3284 3161 3019 3291 3300 3368 3408 3599 3138 3451 3215 3065 3419 3168 3090 3719 3201 3127 2996 3572 3285 3644 3117 3346 3128 3321 3339 2934 3103 3277 3179 3220 3407 3097 3059 3481 3504 3155 3221 3125 3201 3291 3468 3183 3458 3044 3016 3413 3367 3271 2960 3459 3358 3328 3010 3165 3448 3141 3143 3153 3328 3282 3004 2844 3129 3151 3187 3079 3182 3181 3388 2960 3197 3051 3495 3318 3158 3255 3352
2882 2801 3045 2965 3024 2724 3137 2933 3098 2645 2924 2951 2922 2918 3023 2621 3117 2811 2821 2533 2916 2949 2987 2679 2977 2867 3109 2845 3162 2873 2863 2787 2628 3079 2830 2662 3255 2917 2682 2727 3157 3009 3221 2752 3012 2916 2808 2841 2596 2856 3105 2746 2824 3079 2752 3120 2934 3139 2884 2764 2821 2836 2691 3105 2878 2944 2777 2740 2889 3133 2894 2606 3073 3225 3034 2847 2749 3094 2807 2922 2894 3213 2989 2876 2524 2687 2847 2739 2745 2937 2926 2975 2723 2825 2791 3303 2973 2862 2906 2933
2947 3033 2849 2850 2874 2961 3278 3028 3141 2692 3017 3003 3163 2845 2865 2681 2923 2964 2785 2756 3032 3057 3068 3004 2921 2844 2934 2861 3254 2904 2957 3072 2797 3059 2889 2846 3175 2942 2622 2850 3188 2897 3141 2799 3018 2940 2860 2915 2754 2683 3229 2735 2966 2955 2999 3076 2913 3361 2862 2800 2752 2954 3018 2918 2949 2940 2817 2875 2949 3179 2866 2573 3094 3298 2796 2948 2860 3137 2760 2968 2838 3101 3094 2801 2687 2723 2816 3100 2848 2971 3053 2989 2765 2881 2906 3385 2838 2738 2755 3100
3080 3367 3303 3209 3432 3146 3525 3238 3446 3058 3237 3255 3105 3105 3230 2825 3241 3170 2931 2845 3216 3209 3170 3047 3264 3286 3341 3086 3479 3139 3275 3189 3168 3420 2968 2987 3448 3296 3057 3093 3424 3049 3482 3084 3312 3270 3209 3194 2885 3146 3390 2976 3208 3449 3520 3350 3244 3488 3179 3065 3279 3155 3176 3290 3149 3291 3167 2983 3113 3551 3262 3101 3220 3525 3197 3265 2963 3366 3005 3026 3075 3326 3255 2824 2954 2936 3076 3200 3059 3095 3082 3294 2727 3311 3010 3598 3249 3258 3126 3411
2998 2865 3176 2945 3121 2829 3179 3026 3088 2770 3000 2940 3012 2869 2942 2617 3083 2801 2774 2795 2896 2922 3108 2828 2895 2856 3255 3046 3412 2943 2947 2896 2892 2979 2859 2724 3216 2844 2659 2588 3080 3001 3151 3040 3070 2989 2888 2933 2680 2885 3210 2825 3027 3196 3035 2912 2863 3348 2947 2915 2859 2817 2929 3095 2955 3038 2875 2792 2982 3018 2821 2761 2979 3116 2922 2926 2920 3080 2676 2892 2886 3208 2978 2705 2657 2908 2784 2974 2854 2893 2933 3147 2707 2953 2720 3262 2990 2998 2981 3180
3391 3428 3366 3389 3399 3307 3768 3608 3532 3157 3424 3448 3291 3162 3534 3056 3485 3303 3253 3064 3333 3411 3401 3324 3494 3296 3518 3452 3693 3308 3499 3275 3204 3650 3253 3068 3707 3303 3233 3165 3775 3462 3760 3195 3538 3311 3395 3493 3145 3151 3569 3122 3328 3499 3467 3331 3406 3581 3293 3297 3424 3345 3461 3502 3222 3660 3440 3128 3362 3561 3624 2987 3552 3661 3402 3214 3182 3520 3219 3182 3348 3489 3185 2934 3062 3275 3334 3569 3222 3413 3330 3334 2989 3316 3168 3753 3426 3437 3278 3587
2755 2878 2942 2867 2878 2661 3105 2921 3073 2637 3051 2863 3043 2785 2962 2628 3110 2853 2729 2657 2797 2837 2807 2702 2916 2871 3142 2907 3094 2862 2920 2873 2718 3099 2704 2844 3161 2898 2884 2751 3050 2829 3231 2643 2781 2970 2844 3036 2632 2779 3108 2751 2738 3047 2833 2830 2921 3113 2856 2826 2882 2807 2932 3075 2919 2909 2758 2848 2878 2939 2947 2753 3065 3049 2851 2661 2968 2910 2790 2754 2859 3019 3028 2728 2660 2813 2817 2864 2690 2999 2754 2842 2381 2830 2827 3220 2804 2789 2745 2910
2876 3123 3086 3003 3181 2979 3442 3105 3278 2749 3147 3114 2965 2881 3029 2876 3189 2946 2900 2888 2986 3132 3123 2946 3065 2897 3046 3015 3324 2966 3154 3059 2969 3272 2877 2843 3329 3088 2856 2843 3360 3177 3326 2787 3176 2861 2953 3130 2655 2854 3196 2815 3114 3113 3041 3245 2971 3311 3017 3054 2854 3071 2843 3257 3069 3256 3129 2883 3133 3267 3114 2551 3204 3451 3112 3031 2902 3110 2918 2846 2912 3292 2953 2870 2655 3020 2941 3262 2930 2958 3161 3048 2901 3090 2906 3494 3069 3055 3160 3400
3021 3012 3106 3002 2985 2972 3482 3097 3099 2779 3208 3090 2966 2949 3103 2703 3287 3025 2883 2781 3009 3037 3126 2826 3159 2938 3145 3044 3378 3027 3034 3179 2810 3289 2995 2752 3384 3153 2968 2722 3123 2960 3180 2900 3029 3079 2998 3137 2615 2893 3249 2995 3018 3067 3078 3139 3159 3361 2942 2898 2908 2884 3089 3210 2793 3144 3093 2796 2990 3271 3025 2796 3233 3282 3229 2892 3115 3291 2850 2935 3229 3036 2922 2826 2755 2994 3014 3119 2918 2961 3039 3151 2723 3042 2956 3438 3065 3111 2993 3256
2986 3253 3189 3221 3218 3155 3684 3263 3362 2908 3121 3277 3153 2960 3106 2861 3235 3220 2986 2896 3173 3215 3155 2957 3129 3181 3350 3145 3475 3208 3238 3142 3044 3370 3069 2954 3556 3125 3022 2863 3341 3167 3516 3084 3170 3052 3162 3162 2681 3095 3441 3076 3203 3086 3216 3304 3148 3559 3147 3054 3158 3139 3106 3148 3103 3259 2972 2943 3100 3464 3343 2828 3402 3300 3158 3102 3046 3323 3163 3114 3083 3264 3251 2911 2630 3028 3080 3188 2897 3277 3120 3149 2837 3193 3102 3596 3177 3152 3095 3329
3020 3036 3059 3101 2989 2952 3344 3289 3173 2686 3177 3055 3225 2884 3080 2673 3211 3053 2965 2802 3072 2970 3074 2935 3216 3015 3187 3081 3291 3125 3158 2990 2950 3197 3031 2669 3358 3094 2803 2650 3404 3033 3361 2931 2974 3039 3132 3191 2808 2893 3202 2904 2920 3130 2886 3146 3027 3464 2991 2931 2839 2905 2948 3197 3016 3139 2931 2928 2947 3383 3019 2758 3308 3320 3262 2871 2950 3158 2805 3050 3032 3083 3063 2895 2828 3014 2975 3184 2828 3116 2817 3124 2643 2905 3109 3466 3092 3095 3106 3183
2877 2772 2814 2828 2917 2744 3093 2969 3001 2600 2883 2869 2892 2619 2996 2620 2938 2793 2634 2565 2801 2981 2903 2857 2915 2710 2992 2893 3186 2850 2872 2862 2672 3061 2753 2516 3022 2851 2638 2585 3040 2665 3049 2672 2847 2857 2957 2960 2454 2604 2927 2629 2887 2899 2874 2825 2803 3259 2550 2665 2812 2616 2774 2983 2817 2836 2806 2661 2811 2909 2729 2789 2958 3078 2764 2726 2829 3110 2729 2716 2767 2794 2749 2497 2672 2599 2659 3068 2664 2869 2575 2984 2550 2774 2661 3331 2916 2696 2718 3036
3148 3348 3249 3293 3300 3115 3662 3394 3292 3153 3324 3416 3293 3157 3387 2824 3276 3246 3230 3057 3224 3382 3162 3173 3336 3304 3357 3326 3678 3243 3248 3226 3028 3660 3072 2929 3466 3265 3002 3145 3503 3387 3518 3028 3388 3177 3332 3239 2931 2979 3496 3117 3147 3469 3389 3439 3320 3684 3146 3151 3151 3244 3325 3339 3220 3481 3313 2907 3400 3436 3272 2918 3471 3615 3235 3195 3037 3549 3108 3248 3187 3375 3183 3032 2944 3081 3216 3431 3107 3195 3297 3249 2940 3309 3207 3588 3411 3151 3171 3554
3032 3175 3117 3181 3243 3118 3450 3036 3307 2940 3131 3080 3216 3090 3026 2819 3317 2942 3095 2786 3261 3148 3060 2870 3246 3174 3267 3073 3310 3033 3240 3104 2969 3331 2896 3055 3306 3109 2967 2950 3323 3153 3308 3054 3237 3052 3128 3026 2764 3070 3232 3021 2978 3211 3134 3164 3068 3315 3129 2923 2898 3114 3044 3192 3102 3293 2999 2884 3050 3332 3159 2724 3157 3475 3132 3140 3021 3345 2956 2998 3162 3275 3158 2995 2940 2939 3017 3200 3002 3133 2990 3262 2814 3083 3067 3552 3009 3072 2998 3378
2987 3181 3040 3158 2902 3068 3384 3046 3367 2923 3041 3116 3028 2804 3010 2845 3128 3083 2962 2878 2934 3086 3128 2974 2989 2985 3082 3120 3397 3001 2906 3082 3099 3207 2959 2775 3330 3060 2937 2919 3384 3100 3215 3029 3001 3031 3073 3027 2718 2837 3409 2867 3023 3248 3064 3004 3017 3431 2973 2906 2957 3065 3004 3144 2971 3018 3016 2928 3017 3385 3066 2707 3209 3340 3126 2937 2977 3292 2871 2997 2903 3102 3019 2865 2800 2937 2894 3109 2798 3020 3028 3061 2718 3066 2830 3506 3132 2930 3089 3280
